# These are the readout pulse shapes for LST2-4.
# The pulse shapes are measured at laboratory, using a PMT module masked with a pinhole mask.
# The pinhole mask is used to reduce effect of transit time spread when measuring multi p.e. signal
# so that the multi p.e. pulse shape can be regarded as that for single p.e. signal  
# All the seven PMTs attached to the module show similar pulse shape.
# This file contains the pulse shape from a typical PMT.
# The columns of time_hg and ampl_hg represent time [ns] and amplitude [a.u.] for the high gain pulse shape, respectively.
# time_lg and ampl_lg are the same quantities for the low gain channel. 
# The time is calculated with respect to the 10%-rising point of each pulse shape. 
#
# Original file contributed by Yukiho Kobayashi, 2022-05-17.
# Modifications by KB, 2022-05-22: 
#    - Common time column for HG and LG
#    - Shift time column by 6.8 ns to align peak position with pulse_LST_8dynode_pix6_20200204.dat

# time   ampl_hg         ampl_lg

-10.6	 0.000087	-0.004123
-10.5	-0.000018	-0.006603
-10.4	 0.000026	-0.003732
-10.3	-0.000072	-0.005308
-10.2	-0.000079	-0.004418
-10.1	-0.000027	-0.006720
-10.0	 0.000052	-0.004832
 -9.9	-0.000072	-0.005486
 -9.8	-0.000017	-0.004428
 -9.7	-0.000081	-0.004866
 -9.6	-0.000122	-0.004879
 -9.5	-0.000027	-0.004997
 -9.4	-0.000201	-0.004720
 -9.3	-0.000045	-0.006223
 -9.2	-0.000096	-0.005278
 -9.1	 0.000036	-0.005367
 -9.0	-0.000044	-0.005140
 -8.9	-0.000045	-0.004544
 -8.8	-0.000044	-0.004895
 -8.7	-0.000181	-0.005025
 -8.6	-0.000044	-0.004905
 -8.5	-0.000109	-0.004662
 -8.4	 0.000009	-0.004916
 -8.3	-0.000081	-0.004833
 -8.2	 0.000000	-0.004831
 -8.1	-0.000172	-0.004640
 -8.0	-0.000026	-0.004585
 -7.9	-0.000063	-0.005934
 -7.8	 0.000000	-0.004927
 -7.7	 0.000027	-0.003550
 -7.6	-0.000017	-0.003977
 -7.5	 0.000045	-0.004245
 -7.4	-0.000009	-0.004148
 -7.3	-0.000054	-0.004437
 -7.2	 0.000052	-0.003935
 -7.1	-0.000018	-0.003828
 -7.0	-0.000026	-0.004553
 -6.9	 0.000063	-0.004854
 -6.8	-0.000044	-0.005118
 -6.7	 0.000000	-0.004940
 -6.6	-0.000070	-0.005748
 -6.5	 0.000217	-0.004940
 -6.4	-0.000096	-0.004724
 -6.3	 0.000145	-0.004801
 -6.2	-0.000035	-0.005353
 -6.1	 0.000018	-0.006094
 -6.0	-0.000070	-0.004553
 -5.9	-0.000054	-0.005432
 -5.8	 0.000087	-0.003722
 -5.7	-0.000027	-0.005817
 -5.6	-0.000096	-0.005694
 -5.5	-0.000027	-0.005603
 -5.4	 0.000009	-0.005012
 -5.3	-0.000036	-0.006715
 -5.2	-0.000105	-0.004948
 -5.1	-0.000072	-0.006116
 -5.0	-0.000044	-0.003860
 -4.9	-0.000090	-0.005314
 -4.8	 0.000026	-0.004159
 -4.7	-0.000090	-0.007089
 -4.6	 0.000000	-0.003466
 -4.5	 0.000000	-0.006469
 -4.4	-0.000114	-0.004180
 -4.3	-0.000009	-0.006586
 -4.2	-0.000070	-0.003754
 -4.1	 0.000009	-0.006340
 -4.0	-0.000061	-0.004340
 -3.9	-0.000045	-0.005902
 -3.8	-0.000035	-0.004820
 -3.7	-0.000090	-0.006362
 -3.6	-0.000017	-0.004404
 -3.5	-0.000027	-0.006522
 -3.4	-0.000114	-0.004308
 -3.3	-0.000127	-0.005346
 -3.2	 0.000009	-0.004671
 -3.1	-0.000054	-0.005795
 -3.0	 0.000000	-0.004532
 -2.9	-0.000009	-0.005720
 -2.8	 0.000017	-0.003658
 -2.7	-0.000036	-0.006522
 -2.6	-0.000009	-0.004393
 -2.5	-0.000081	-0.005645
 -2.4	-0.000087	-0.004639
 -2.3	-0.000054	-0.005367
 -2.2	 0.000000	-0.004916
 -2.1	 0.000018	-0.006020
 -2.0	-0.000009	-0.004735
 -1.9	-0.000018	-0.005945
 -1.8	-0.000017	-0.005630
 -1.7	-0.000072	-0.005335
 -1.6	-0.000009	-0.005972
 -1.5	-0.000100	-0.005453
 -1.4	 0.000096	-0.006185
 -1.3	-0.000100	-0.005378
 -1.2	 0.000052	-0.006643
 -1.1	-0.000127	-0.005720
 -1.0	 0.000044	-0.007315
 -0.9	 0.000000	-0.004972
 -0.8	 0.000000	-0.006963
 -0.7	-0.000009	-0.005015
 -0.6	 0.000131	-0.007176
 -0.5	 0.000027	-0.005432
 -0.4	-0.000017	-0.007454
 -0.3	 0.000072	-0.005485
 -0.2	 0.000061	-0.006099
 -0.1	 0.000145	-0.006244
  0.0	 0.000026	-0.006665
  0.1	 0.000090	-0.004651
  0.2	 0.000000	-0.005769
  0.3	 0.000217	-0.003903
  0.4	 0.000175	-0.005716
  0.5	 0.000208	-0.005421
  0.6	 0.000149	-0.004863
  0.7	 0.000281	-0.004993
  0.8	 0.000288	-0.005417
  0.9	 0.000425	-0.004790
  1.0	 0.000393	-0.003977
  1.1	 0.000471	-0.005859
  1.2	 0.000551	-0.005300
  1.3	 0.000552	-0.004940
  1.4	 0.000664	-0.003956
  1.5	 0.000597	-0.004063
  1.6	 0.000603	-0.004095
  1.7	 0.000715	-0.004726
  1.8	 0.000682	-0.003167
  1.9	 0.000769	-0.003357
  2.0	 0.000926	-0.001919
  2.1	 0.000823	-0.003753
  2.2	 0.000900	-0.002005
  2.3	 0.000986	-0.003315
  2.4	 0.000839	-0.002303
  2.5	 0.000986	-0.006105
  2.6	 0.000935	-0.002271
  2.7	 0.000851	-0.004074
  2.8	 0.000769	-0.001216
  2.9	 0.000923	-0.003614
  3.0	 0.000865	-0.001440
  3.1	 0.000778	-0.003924
  3.2	 0.000874	-0.000970
  3.3	 0.000887	-0.003379
  3.4	 0.000664	-0.001887
  3.5	 0.001013	-0.004437
  3.6	 0.000865	-0.001152
  3.7	 0.001013	-0.004811
  3.8	 0.001084	-0.002207
  3.9	 0.001086	-0.004801
  4.0	 0.001197	-0.002079
  4.1	 0.001312	-0.003261
  4.2	 0.001643	-0.000864
  4.3	 0.001629	-0.004897
  4.4	 0.002027	 0.000043
  4.5	 0.002117	-0.003774
  4.6	 0.003023	-0.001066
  4.7	 0.003393	-0.003325
  4.8	 0.004325	 0.000011
  4.9	 0.004968	-0.001989
  5.0	 0.006353	 0.001695
  5.1	 0.007872	-0.000909
  5.2	 0.009429	 0.004159
  5.3	 0.011456	 0.002587
  5.4	 0.013501	 0.007432
  5.5	 0.015319	 0.008425
  5.6	 0.017144	 0.015014
  5.7	 0.019626	 0.015942
  5.8	 0.023628	 0.023971
  5.9	 0.027635	 0.028045
  6.0	 0.032253	 0.037279
  6.1	 0.037561	 0.044051
  6.2	 0.044137	 0.056047
  6.3	 0.051496	 0.063543
  6.4	 0.060635	 0.080317
  6.5	 0.070923	 0.091760
  6.6	 0.084036	 0.113022
  6.7	 0.097807	 0.129695
  6.8	 0.115677	 0.154407
  6.9	 0.134644	 0.173479
  7.0	 0.159141	 0.206604
  7.1	 0.184176	 0.228854
  7.2	 0.215712	 0.266223
  7.3	 0.248502	 0.292889
  7.4	 0.288153	 0.334938
  7.5	 0.328185	 0.366921
  7.6	 0.374967	 0.412504
  7.7	 0.421648	 0.446470
  7.8	 0.476462	 0.495519
  7.9	 0.528060	 0.534552
  8.0	 0.585393	 0.584292
  8.1	 0.639105	 0.622376
  8.2	 0.696806	 0.672553
  8.3	 0.749742	 0.709207
  8.4	 0.802766	 0.756443
  8.5	 0.849286	 0.791312
  8.6	 0.894194	 0.831364
  8.7	 0.930669	 0.864756
  8.8	 0.961007	 0.897136
  8.9	 0.982853	 0.922782
  9.0	 0.995689	 0.946476
  9.1	 1.000000	 0.967282
  9.2	 0.990927	 0.978775
  9.3	 0.974356	 0.993221
  9.4	 0.942700	 0.994579
  9.5	 0.905759	 1.000000
  9.6	 0.853151	 0.989375
  9.7	 0.797917	 0.988271
  9.8	 0.728796	 0.963441
  9.9	 0.661437	 0.954537
 10.0	 0.582806	 0.919775
 10.1	 0.509619	 0.904947
 10.2	 0.429485	 0.860123
 10.3	 0.357231	 0.836304
 10.4	 0.284046	 0.786023
 10.5	 0.219945	 0.760059
 10.6	 0.156485	 0.701739
 10.7	 0.104412	 0.672490
 10.8	 0.056484	 0.611623
 10.9	 0.018731	 0.579544
 11.0	-0.013640	 0.519512
 11.1	-0.037606	 0.485389
 11.2	-0.054247	 0.425855
 11.3	-0.064119	 0.392625
 11.4	-0.068097	 0.334491
 11.5	-0.067539	 0.301667
 11.6	-0.061675	 0.248213
 11.7	-0.052763	 0.217424
 11.8	-0.039095	 0.167405
 11.9	-0.024187	 0.138195
 12.0	-0.006711	 0.094062
 12.1	 0.011057	 0.067553
 12.2	 0.030575	 0.029602
 12.3	 0.048854	 0.007966
 12.4	 0.067127	-0.023502
 12.5	 0.083646	-0.042255
 12.6	 0.099669	-0.066625
 12.7	 0.113054	-0.083067
 12.8	 0.124494	-0.099394
 12.9	 0.133712	-0.114095
 13.0	 0.140441	-0.124229
 13.1	 0.145475	-0.132839
 13.2	 0.147729	-0.138881
 13.3	 0.148144	-0.144375
 13.4	 0.146112	-0.145908
 13.5	 0.143050	-0.151101
 13.6	 0.137392	-0.148158
 13.7	 0.130671	-0.149219
 13.8	 0.122947	-0.142965
 13.9	 0.114438	-0.143263
 14.0	 0.104911	-0.133592
 14.1	 0.095110	-0.133224
 14.2	 0.085172	-0.122459
 14.3	 0.075176	-0.119805
 14.4	 0.065371	-0.108820
 14.5	 0.056047	-0.104836
 14.6	 0.047248	-0.094009
 14.7	 0.038945	-0.091204
 14.8	 0.031598	-0.079826
 14.9	 0.024829	-0.075893
 15.0	 0.019189	-0.065964
 15.1	 0.014233	-0.062485
 15.2	 0.010381	-0.052091
 15.3	 0.007176	-0.047858
 15.4	 0.004509	-0.037834
 15.5	 0.002606	-0.034653
 15.6	 0.001748	-0.022351
 15.7	 0.001357	-0.017214
 15.8	 0.001494	-0.006707
 15.9	 0.001982	-0.000716
 16.0	 0.003058	 0.010130
 16.1	 0.004018	 0.013846
 16.2	 0.005793	 0.025091
 16.3	 0.006651	 0.029435
 16.4	 0.008616	 0.039775
 16.5	 0.009655	 0.044992
 16.6	 0.011377	 0.055279
 16.7	 0.012605	 0.058026
 16.8	 0.013929	 0.067979
 16.9	 0.014776	 0.071562
 17.0	 0.015825	 0.081277
 17.1	 0.016414	 0.084307
 17.2	 0.017188	 0.092463
 17.3	 0.017401	 0.094058
 17.4	 0.017739	 0.101676
 17.5	 0.017799	 0.103478
 17.6	 0.018079	 0.106400
 17.7	 0.017817	 0.105242
 17.8	 0.017747	 0.105014
 17.9	 0.017247	 0.101703
 18.0	 0.017258	 0.098487
 18.1	 0.016568	 0.089450
 18.2	 0.016332	 0.083964
 18.3	 0.015500	 0.075882
 18.4	 0.015082	 0.067670
 18.5	 0.013853	 0.058315
 18.6	 0.013072	 0.048721
 18.7	 0.011646	 0.038545
 18.8	 0.010355	 0.030775
 18.9	 0.009202	 0.019834
 19.0	 0.008450	 0.013148
 19.1	 0.007420	 0.005335
 19.2	 0.007069	 0.001301
 19.3	 0.006343	-0.008415
 19.4	 0.006056	-0.010088
 19.5	 0.005628	-0.016412
 19.6	 0.005627	-0.016187
 19.7	 0.005474	-0.019780
 19.8	 0.005409	-0.018949
 19.9	 0.005547	-0.021566
 20.0	 0.005951	-0.017296
 20.1	 0.006099	-0.018348
 20.2	 0.006860	-0.013116
 20.3	 0.007447	-0.012841
 20.4	 0.008092	-0.006675
 20.5	 0.008596	-0.004010
 20.6	 0.009638	 0.003668
 20.7	 0.010732	 0.005036
 20.8	 0.011456	 0.012647
 20.9	 0.012686	 0.017075
 21.0	 0.013361	 0.022041
 21.1	 0.014333	 0.025939
 21.2	 0.015274	 0.030284
 21.3	 0.016116	 0.031723
 21.4	 0.016594	 0.033462
 21.5	 0.017057	 0.035765
 21.6	 0.017276	 0.033568
 21.7	 0.017681	 0.034418
 21.8	 0.017459	 0.030476
 21.9	 0.017591	 0.029949
 22.0	 0.016917	 0.023726
 22.1	 0.016459	 0.023726
 22.2	 0.015030	 0.017221
 22.3	 0.014595	 0.017204
 22.4	 0.012810	 0.009394
 22.5	 0.012179	 0.008735
 22.6	 0.009909	 0.000267
 22.7	 0.009212	 0.000278
 22.8	 0.007130	-0.009448
 22.9	 0.006524	-0.011098
 23.0	 0.004465	-0.019045
 23.1	 0.003692	-0.021224
 23.2	 0.001678	-0.028770
 23.3	 0.000760	-0.033135
 23.4	-0.000778	-0.038474
 23.5	-0.002045	-0.040138
 23.6	-0.003600	-0.044722
 23.7	-0.004597	-0.046072
 23.8	-0.005863	-0.049660
 23.9	-0.006307	-0.050509
 24.0	-0.007393	-0.050534
 24.1	-0.007592	-0.051044
 24.2	-0.008092	-0.048039
 24.3	-0.007818	-0.048114
 24.4	-0.007856	-0.042984
 24.5	-0.007194	-0.044682
 24.6	-0.006728	-0.038026
 24.7	-0.005646	-0.037390
 24.8	-0.004771	-0.030210
 24.9	-0.003809	-0.029842
 25.0	-0.002621	-0.023875
 25.1	-0.001819	-0.023352
 25.2	-0.000489	-0.015814
 25.3	 0.000624	-0.015493
 25.4	 0.001652	-0.008360
 25.5	 0.002624	-0.007057
 25.6	 0.003845	-0.000235
 25.7	 0.004959	 0.000631
 25.8	 0.006283	 0.007614
 25.9	 0.007139	 0.004576
 26.0	 0.008065	 0.013191
 26.1	 0.009148	 0.012061
 26.2	 0.009525	 0.019322
 26.3	 0.010270	 0.017717
 26.4	 0.010119	 0.021295
 26.5	 0.010297	 0.019096
 26.6	 0.009944	 0.022415
 26.7	 0.009492	 0.018936
 26.8	 0.008904	 0.020996
 26.9	 0.008243	 0.017931
 27.0	 0.007095	 0.018149
 27.1	 0.006044	 0.014734
 27.2	 0.005077	 0.014193
 27.3	 0.003990	 0.010820
 27.4	 0.003067	 0.011325
 27.5	 0.002090	 0.007998
 27.6	 0.001416	 0.008008
 27.7	 0.000534	 0.005838
 27.8	-0.000175	 0.006313
 27.9	-0.000832	 0.005057
 28.0	-0.001276	 0.005524
 28.1	-0.001900	 0.003026
 28.2	-0.002709	 0.003700
 28.3	-0.003248	 0.003379
 28.4	-0.003670	 0.004031
 28.5	-0.004081	 0.000567
 28.6	-0.004526	 0.002559
 28.7	-0.004760	 0.001240
 28.8	-0.004806	 0.002090
 28.9	-0.004895	-0.000086
 29.0	-0.004666	-0.000629
 29.1	-0.004588	-0.001059
 29.2	-0.004247	-0.002058
 29.3	-0.003954	-0.002064
