# SPE and AP distributions for MAGIC2, using fraction of AP of 0.024
# Ampl.             Prompt          (Prompt x AP)
0.0110695 0.00584958 0.00571252
0.0332085 0.00584958 0.00571252
0.0553475 0.00584958 0.00571252
0.0774865 0.00584958 0.00571252
0.0996255 0.00584958 0.0057127
0.121764 0.00584958 0.00571252
0.143903 0.00845478 0.00825667
0.166042 0.00845478 0.00825667
0.188181 0.00845478 0.00825667
0.21032 0.00845478 0.00825771
0.232459 0.00845478 0.00825667
0.254598 0.00845478 0.00825694
0.276737 0.0097036 0.00947655
0.298876 0.0097036 0.00947694
0.321015 0.0097036 0.00947623
0.343154 0.0097036 0.00947623
0.365293 0.0097036 0.00947667
0.387432 0.0097036 0.00947719
0.409571 0.0107267 0.0104759
0.43171 0.0107267 0.0104761
0.453849 0.0107267 0.0104766
0.475988 0.0107267 0.0104762
0.498127 0.0107267 0.0104766
0.520266 0.0107267 0.010477
0.542405 0.0116106 0.0113399
0.564544 0.0116106 0.0113429
0.586683 0.0116106 0.0113428
0.608822 0.0116106 0.0113403
0.630961 0.0116106 0.01134
0.6531 0.0116106 0.0113413
0.675239 0.0133551 0.0130443
0.697378 0.0133551 0.0130465
0.719517 0.0133551 0.0130473
0.741656 0.0133551 0.0130451
0.763795 0.0133551 0.0130497
0.785934 0.0133551 0.0130478
0.808073 0.0159392 0.015571
0.830212 0.0159392 0.0155723
0.852351 0.0159392 0.0155679
0.87449 0.0159392 0.0155746
0.896629 0.0159392 0.0155725
0.918768 0.0159392 0.0155759
0.940907 0.0168315 0.0164479
0.963046 0.0168315 0.0164441
0.985185 0.0168315 0.0164469
1.00732 0.0168315 0.0164474
1.02946 0.0168315 0.0164489
1.0516 0.0168315 0.0164475
1.07374 0.0158612 0.015501
1.09588 0.0158612 0.0155022
1.11802 0.0158612 0.0155031
1.14016 0.0158612 0.0155022
1.1623 0.0158612 0.0155033
1.18444 0.0158612 0.0155089
1.20658 0.0143824 0.0140653
1.22871 0.0143824 0.0140694
1.25085 0.0143824 0.0140629
1.27299 0.0143824 0.0140717
1.29513 0.0143824 0.014071
1.31727 0.0143824 0.0140717
1.33941 0.0122519 0.01199
1.36155 0.0122519 0.0119922
1.38369 0.0122519 0.0119979
1.40583 0.0122519 0.0119905
1.42797 0.0122519 0.0119983
1.4501 0.0122519 0.0119974
1.47224 0.009904 0.00970788
1.49438 0.009904 0.00970648
1.51652 0.009904 0.00971049
1.53866 0.009904 0.00971034
1.5608 0.009904 0.00971285
1.58294 0.009904 0.00971601
1.60508 0.00768483 0.00755332
1.62722 0.00768483 0.00754806
1.64936 0.00768483 0.00755497
1.67149 0.00768483 0.00756222
1.69363 0.00768483 0.00756629
1.71577 0.00768483 0.00755847
1.73791 0.00535175 0.00528576
1.76005 0.00535175 0.00528584
1.78219 0.00535175 0.00528661
1.80433 0.00535175 0.00529696
1.82647 0.00535175 0.00529363
1.84861 0.00535175 0.00529729
1.87075 0.00320852 0.00320445
1.89288 0.00320852 0.00321099
1.91502 0.00320852 0.00320885
1.93716 0.00320852 0.00321023
1.9593 0.00320852 0.00321856
1.98144 0.00320852 0.0032171
2.00358 0.00211158 0.00215595
2.02572 0.00211158 0.00214512
2.04786 0.00211158 0.00215172
2.07 0.00211158 0.00215389
2.09214 0.00211158 0.0021531
2.11427 0.00211158 0.00215708
2.13641 0.00167282 0.00172973
2.15855 0.00167282 0.00173464
2.18069 0.00167282 0.00172925
2.20283 0.00167282 0.00174776
2.22497 0.00167282 0.00175174
2.24711 0.00167282 0.00174293
2.26925 0.000936608 0.00103871
2.29139 0.000936608 0.00102867
2.31353 0.000936608 0.0010347
2.33566 0.000936608 0.00101871
2.3578 0.000936608 0.00103346
2.37994 0.000936608 0.00104119
2.40208 0.00040291 0.000520793
2.42422 0.00040291 0.000521089
2.44636 0.00040291 0.000529741
2.4685 0.00040291 0.000520788
2.49064 0.00040291 0.000523307
2.51278 0.00040291 0.000532973
2.53492 0.000221495 0.000351179
2.55705 0.000221495 0.000359772
2.57919 0.000221495 0.000353507
2.60133 0.000221495 0.000366695
2.62347 0.000221495 0.00035309
2.64561 0.000221495 0.000360948
2.66775 8.8598e-05 0.000227282
2.68989 8.8598e-05 0.000238638
2.71203 8.8598e-05 0.000233719
2.73417 8.8598e-05 0.000233545
2.75631 8.8598e-05 0.000236377
2.77844 8.8598e-05 0.000247976
2.80058 5.06275e-05 0.000224447
2.82272 5.06275e-05 0.000228116
2.84486 5.06275e-05 0.000207026
2.867 5.06275e-05 0.000206149
2.88914 5.06275e-05 0.000215311
2.91128 5.06275e-05 0.000210693
2.93342 4.53538e-05 0.000204975
2.95556 4.53538e-05 0.000204814
2.9777 4.53538e-05 0.000205706
2.99983 4.53538e-05 0.000213613
3.02197 4.53538e-05 0.000199943
3.04411 4.53538e-05 0.000206146
3.06625 1.47664e-05 0.000189523
3.08839 1.47664e-05 0.000187714
3.11053 1.47664e-05 0.000175299
3.13267 1.47664e-05 0.000182395
3.15481 1.47664e-05 0.000181662
3.17695 1.47664e-05 0.000179302
3.19909 6.32843e-06 0.000168218
3.22122 6.32843e-06 0.000172201
3.24336 6.32843e-06 0.00017392
3.2655 6.32843e-06 0.000179061
3.28764 6.32843e-06 0.000164542
3.30978 6.32843e-06 0.000159461
3.33192 0 0.00016691
3.35406 0 0.000158596
3.3762 0 0.000163884
3.39834 0 0.000174445
3.42048 0 0.00015804
3.44261 0 0.000161919
3.46475 0 0.000155728
3.48689 0 0.000154386
3.50903 0 0.000156865
3.53117 0 0.000146513
3.55331 0 0.000148386
3.57545 0 0.000149569
3.59759 0 0.000143791
3.61973 0 0.000148745
3.64187 0 0.000138647
3.664 0 0.00014804
3.68614 0 0.000153989
3.70828 0 0.000155347
3.73042 0 0.00014842
3.75256 0 0.00014599
3.7747 0 0.000140725
3.79684 0 0.000138631
3.81898 0 0.000144843
3.84112 0 0.00012699
3.86326 0 0.000140108
3.88539 0 0.000134548
3.90753 0 0.000132059
3.92967 0 0.000137264
3.95181 0 0.000129253
3.97395 0 0.000118519
3.99609 0 0.000122022
4.01823 0 0.000119618
4.04037 0 0.000115055
4.06251 0 0.000114394
4.08465 0 0.000119296
4.10678 0 0.000109217
4.12892 0 0.000115923
4.15106 0 0.000103912
4.1732 0 0.000107528
4.19534 0 0.000117116
4.21748 0 0.000112725
4.23962 0 0.00010108
4.26176 0 0.000112596
4.2839 0 0.000102937
4.30604 0 0.000107778
4.32817 0 0.000101706
4.35031 0 0.000107114
4.37245 0 9.3434e-05
4.39459 0 9.72608e-05
4.41673 0 9.10761e-05
4.43887 0 8.71266e-05
4.46101 0 9.34465e-05
4.48315 0 9.10815e-05
4.50529 0 8.26077e-05
4.52743 0 8.31035e-05
4.54956 0 8.38191e-05
4.5717 0 9.09489e-05
4.59384 0 8.39522e-05
4.61598 0 8.97998e-05
4.63812 0 7.61216e-05
4.66026 0 7.81781e-05
4.6824 0 7.82536e-05
4.70454 0 7.55086e-05
4.72668 0 7.73287e-05
4.74882 0 7.28736e-05
4.77095 0 7.55762e-05
4.79309 0 6.87059e-05
4.81523 0 6.50452e-05
4.83737 0 6.76242e-05
4.85951 0 6.40637e-05
4.88165 0 6.56174e-05
4.90379 0 6.34696e-05
4.92593 0 6.48526e-05
4.94807 0 6.4071e-05
4.97021 0 5.86029e-05
4.99234 0 5.77581e-05
5.01448 0 5.48062e-05
5.03662 0 5.98042e-05
5.05876 0 5.70756e-05
5.0809 0 5.53804e-05
5.10304 0 5.47725e-05
5.12518 0 5.45598e-05
5.14732 0 5.19217e-05
5.16946 0 5.2692e-05
5.1916 0 4.66303e-05
5.21373 0 4.9851e-05
5.23587 0 4.84121e-05
5.25801 0 4.89849e-05
5.28015 0 4.59233e-05
5.30229 0 4.69805e-05
5.32443 0 4.66237e-05
5.34657 0 4.34182e-05
5.36871 0 4.44959e-05
5.39085 0 4.28553e-05
5.41299 0 4.35041e-05
5.43512 0 4.25528e-05
5.45726 0 3.90699e-05
5.4794 0 4.13936e-05
5.50154 0 3.6403e-05
5.52368 0 3.92979e-05
5.54582 0 3.94057e-05
5.56796 0 3.74174e-05
5.5901 0 3.6194e-05
5.61224 0 3.68674e-05
5.63438 0 3.43675e-05
5.65651 0 3.51729e-05
5.67865 0 3.2449e-05
5.70079 0 3.53453e-05
5.72293 0 3.33688e-05
5.74507 0 3.0554e-05
5.76721 0 3.26888e-05
5.78935 0 3.13153e-05
5.81149 0 3.03608e-05
5.83363 0 3.35972e-05
5.85577 0 3.17722e-05
5.8779 0 2.78304e-05
5.90004 0 3.06684e-05
5.92218 0 3.01916e-05
5.94432 0 2.75618e-05
5.96646 0 2.74658e-05
5.9886 0 2.57595e-05
6.01074 0 2.72552e-05
6.03288 0 2.56883e-05
6.05502 0 2.49817e-05
6.07716 0 2.51213e-05
6.09929 0 2.47007e-05
6.12143 0 2.39326e-05
6.14357 0 2.55129e-05
6.16571 0 2.40822e-05
6.18785 0 2.49065e-05
6.20999 0 2.12762e-05
6.23213 0 2.33647e-05
6.25427 0 2.26557e-05
6.27641 0 2.20951e-05
6.29855 0 2.22587e-05
6.32068 0 2.14067e-05
6.34282 0 2.08117e-05
6.36496 0 2.18648e-05
6.3871 0 2.22781e-05
6.40924 0 1.90016e-05
6.43138 0 2.02007e-05
6.45352 0 2.01048e-05
6.47566 0 2.0363e-05
6.4978 0 1.9766e-05
6.51994 0 1.95805e-05
6.54207 0 2.03951e-05
6.56421 0 1.78804e-05
6.58635 0 1.76018e-05
6.60849 0 1.68852e-05
6.63063 0 1.80009e-05
6.65277 0 1.78755e-05
6.67491 0 1.83643e-05
6.69705 0 1.74707e-05
6.71919 0 1.66913e-05
6.74133 0 1.76152e-05
6.76346 0 1.73475e-05
6.7856 0 1.58234e-05
6.80774 0 1.63985e-05
6.82988 0 1.62264e-05
6.85202 0 1.60107e-05
6.87416 0 1.51191e-05
6.8963 0 1.60648e-05
6.91844 0 1.56185e-05
6.94058 0 1.47828e-05
6.96272 0 1.49372e-05
6.98485 0 1.37837e-05
7.00699 0 1.44455e-05
7.02913 0 1.50422e-05
7.05127 0 1.30753e-05
7.07341 0 1.37842e-05
7.09555 0 1.40134e-05
7.11769 0 1.27154e-05
7.13983 0 1.3444e-05
7.16197 0 1.45745e-05
7.18411 0 1.39071e-05
7.20624 0 1.36005e-05
7.22838 0 1.25779e-05
7.25052 0 1.35422e-05
7.27266 0 1.26075e-05
7.2948 0 1.21016e-05
7.31694 0 1.19573e-05
7.33908 0 1.13478e-05
7.36122 0 1.22397e-05
7.38336 0 1.26266e-05
7.4055 0 1.18636e-05
7.42763 0 1.24279e-05
7.44977 0 1.15103e-05
7.47191 0 1.09337e-05
7.49405 0 1.17245e-05
7.51619 0 1.0774e-05
7.53833 0 1.04145e-05
7.56047 0 1.12291e-05
7.58261 0 1.19892e-05
7.60475 0 1.11487e-05
7.62689 0 1.11549e-05
7.64902 0 1.0602e-05
7.67116 0 1.07188e-05
7.6933 0 1.02814e-05
7.71544 0 9.93027e-06
7.73758 0 1.0483e-05
7.75972 0 1.03309e-05
7.78186 0 1.03976e-05
7.804 0 1.03818e-05
7.82614 0 1.02392e-05
7.84828 0 9.87597e-06
7.87041 0 9.57298e-06
7.89255 0 9.20152e-06
7.91469 0 9.9523e-06
7.93683 0 9.47829e-06
7.95897 0 9.40352e-06
7.98111 0 9.5488e-06
8.00325 0 9.49726e-06
8.02539 0 9.21564e-06
8.04753 0 9.16245e-06
8.06967 0 9.49584e-06
8.0918 0 8.7506e-06
8.11394 0 9.17276e-06
8.13608 0 8.97102e-06
8.15822 0 9.04002e-06
8.18036 0 8.70412e-06
8.2025 0 8.67803e-06
8.22464 0 8.49577e-06
8.24678 0 7.82762e-06
8.26892 0 8.78675e-06
8.29106 0 8.0453e-06
8.31319 0 7.88521e-06
8.33533 0 8.4305e-06
8.35747 0 8.65918e-06
8.37961 0 8.41688e-06
8.40175 0 7.97088e-06
8.42389 0 7.74698e-06
8.44603 0 8.44183e-06
8.46817 0 8.32606e-06
8.49031 0 7.35535e-06
8.51245 0 7.39033e-06
8.53458 0 7.53529e-06
8.55672 0 7.73136e-06
8.57886 0 7.86239e-06
8.601 0 7.2778e-06
8.62314 0 7.63981e-06
8.64528 0 7.36248e-06
8.66742 0 7.19397e-06
8.68956 0 7.34027e-06
8.7117 0 7.68392e-06
8.73384 0 6.98362e-06
8.75597 0 6.88586e-06
8.77811 0 7.25443e-06
8.80025 0 7.44336e-06
8.82239 0 7.09144e-06
8.84453 0 6.95579e-06
8.86667 0 6.36306e-06
8.88881 0 6.71807e-06
8.91095 0 6.33691e-06
8.93309 0 7.25187e-06
8.95523 0 7.04251e-06
8.97736 0 6.48561e-06
8.9995 0 6.52513e-06
9.02164 0 6.27358e-06
9.04378 0 6.15086e-06
9.06592 0 6.75735e-06
9.08806 0 6.7839e-06
9.1102 0 6.42286e-06
9.13234 0 5.96563e-06
9.15448 0 6.62806e-06
9.17662 0 5.91889e-06
9.19875 0 6.28661e-06
9.22089 0 5.877e-06
9.24303 0 5.86333e-06
9.26517 0 6.32793e-06
9.28731 0 6.18035e-06
9.30945 0 5.94345e-06
9.33159 0 5.72576e-06
9.35373 0 5.96803e-06
9.37587 0 5.7949e-06
9.39801 0 5.58216e-06
9.42014 0 5.94337e-06
9.44228 0 5.70159e-06
9.46442 0 5.86961e-06
9.48656 0 5.63771e-06
9.5087 0 5.96257e-06
9.53084 0 5.56327e-06
9.55298 0 5.56058e-06
9.57512 0 5.43057e-06
9.59726 0 5.26711e-06
9.6194 0 5.32145e-06
9.64153 0 5.1054e-06
9.66367 0 5.81561e-06
9.68581 0 5.0065e-06
9.70795 0 5.53949e-06
9.73009 0 5.46743e-06
9.75223 0 5.28129e-06
9.77437 0 5.16106e-06
9.79651 0 5.20853e-06
9.81865 0 5.10224e-06
9.84079 0 4.8073e-06
9.86292 0 5.19399e-06
9.88506 0 5.21567e-06
9.9072 0 5.13074e-06
9.92934 0 4.76564e-06
9.95148 0 4.76449e-06
9.97362 0 4.89202e-06
9.99576 0 4.83948e-06
10.0179 0 4.70329e-06
10.04 0 4.36608e-06
10.0622 0 4.84214e-06
10.0843 0 4.79387e-06
10.1065 0 4.75011e-06
10.1286 0 4.62915e-06
10.1507 0 4.48953e-06
10.1729 0 4.81868e-06
10.195 0 4.44374e-06
10.2171 0 4.3912e-06
10.2393 0 4.23188e-06
10.2614 0 4.39934e-06
10.2836 0 4.65067e-06
10.3057 0 4.14849e-06
10.3278 0 4.33532e-06
10.35 0 4.63864e-06
10.3721 0 4.00551e-06
10.3943 0 4.34567e-06
10.4164 0 4.30429e-06
10.4385 0 4.35181e-06
10.4607 0 4.11727e-06
10.4828 0 4.13413e-06
10.505 0 4.28642e-06
10.5271 0 4.17328e-06
10.5492 0 4.01264e-06
10.5714 0 3.91061e-06
10.5935 0 3.90903e-06
10.6157 0 3.96905e-06
10.6378 0 3.84638e-06
10.6599 0 3.82003e-06
10.6821 0 4.17105e-06
10.7042 0 3.90204e-06
10.7263 0 3.97686e-06
10.7485 0 3.91303e-06
10.7706 0 3.78138e-06
10.7928 0 3.85434e-06
10.8149 0 3.71026e-06
10.837 0 3.5453e-06
10.8592 0 3.61035e-06
10.8813 0 3.50806e-06
10.9035 0 3.56265e-06
10.9256 0 3.65127e-06
10.9477 0 3.49432e-06
10.9699 0 3.50434e-06
10.992 0 3.68712e-06
11.0142 0 3.63353e-06
11.0363 0 3.54261e-06
11.0584 0 3.46702e-06
11.0806 0 3.47313e-06
11.1027 0 3.49604e-06
11.1248 0 3.20637e-06
11.147 0 3.43746e-06
11.1691 0 3.15331e-06
11.1913 0 3.37122e-06
11.2134 0 3.22659e-06
11.2355 0 3.06498e-06
11.2577 0 3.37909e-06
11.2798 0 3.43425e-06
11.302 0 3.0198e-06
11.3241 0 3.05779e-06
11.3462 0 3.16412e-06
11.3684 0 3.12495e-06
11.3905 0 2.94762e-06
11.4127 0 3.14893e-06
11.4348 0 3.15921e-06
11.4569 0 3.06406e-06
11.4791 0 2.97889e-06
11.5012 0 2.95449e-06
11.5233 0 2.83908e-06
11.5455 0 2.81276e-06
11.5676 0 3.15407e-06
11.5898 0 2.97068e-06
11.6119 0 2.97981e-06
11.634 0 2.88606e-06
11.6562 0 2.85886e-06
11.6783 0 2.71145e-06
11.7005 0 2.87082e-06
11.7226 0 2.64655e-06
11.7447 0 2.72059e-06
11.7669 0 2.60791e-06
11.789 0 2.734e-06
11.8112 0 2.69154e-06
11.8333 0 2.67944e-06
11.8554 0 2.38031e-06
11.8776 0 2.74763e-06
11.8997 0 2.67228e-06
11.9219 0 2.67238e-06
11.944 0 2.72376e-06
11.9661 0 2.72121e-06
11.9883 0 2.66217e-06
12.0104 0 2.54383e-06
12.0325 0 2.43206e-06
12.0547 0 2.397e-06
12.0768 0 2.37699e-06
12.099 0 2.33711e-06
12.1211 0 2.56749e-06
12.1432 0 2.46248e-06
12.1654 0 2.24666e-06
12.1875 0 2.25367e-06
12.2097 0 2.39816e-06
12.2318 0 2.3844e-06
12.2539 0 2.3565e-06
12.2761 0 2.25795e-06
12.2982 0 2.26059e-06
12.3204 0 2.23598e-06
12.3425 0 2.2502e-06
12.3646 0 2.19955e-06
12.3868 0 2.2131e-06
12.4089 0 2.37331e-06
12.431 0 2.19229e-06
12.4532 0 2.26466e-06
12.4753 0 2.15616e-06
12.4975 0 2.18644e-06
12.5196 0 2.27487e-06
12.5417 0 2.22979e-06
12.5639 0 2.21577e-06
12.586 0 2.12606e-06
12.6082 0 2.07998e-06
12.6303 0 2.17951e-06
12.6524 0 2.02633e-06
12.6746 0 2.08098e-06
12.6967 0 2.09863e-06
12.7189 0 2.02934e-06
12.741 0 2.002e-06
12.7631 0 2.06154e-06
12.7853 0 1.97878e-06
12.8074 0 1.9683e-06
12.8295 0 1.97295e-06
12.8517 0 1.99197e-06
12.8738 0 1.83139e-06
12.896 0 1.95637e-06
12.9181 0 2.03185e-06
12.9402 0 1.99585e-06
12.9624 0 1.90014e-06
12.9845 0 1.83311e-06
13.0067 0 1.91875e-06
13.0288 0 1.77151e-06
13.0509 0 1.80659e-06
13.0731 0 1.86228e-06
13.0952 0 1.67783e-06
13.1174 0 1.83605e-06
13.1395 0 1.71288e-06
13.1616 0 1.72896e-06
13.1838 0 1.71578e-06
13.2059 0 1.75495e-06
13.2281 0 1.76933e-06
13.2502 0 1.73492e-06
13.2723 0 1.70024e-06
13.2945 0 1.71276e-06
13.3166 0 1.66357e-06
13.3387 0 1.67911e-06
13.3609 0 1.78971e-06
13.383 0 1.69213e-06
13.4052 0 1.67409e-06
13.4273 0 1.61454e-06
13.4494 0 1.56145e-06
13.4716 0 1.61851e-06
13.4937 0 1.56714e-06
13.5159 0 1.51492e-06
13.538 0 1.51784e-06
13.5601 0 1.5608e-06
13.5823 0 1.58199e-06
13.6044 0 1.64748e-06
13.6266 0 1.5073e-06
13.6487 0 1.55514e-06
13.6708 0 1.52112e-06
13.693 0 1.5436e-06
13.7151 0 1.45832e-06
13.7372 0 1.48192e-06
13.7594 0 1.42377e-06
13.7815 0 1.46347e-06
13.8037 0 1.46125e-06
13.8258 0 1.37728e-06
13.8479 0 1.51924e-06
13.8701 0 1.30675e-06
13.8922 0 1.38381e-06
13.9144 0 1.45923e-06
13.9365 0 1.32925e-06
13.9586 0 1.30642e-06
13.9808 0 1.38206e-06
14.0029 0 1.37853e-06
14.0251 0 1.38679e-06
14.0472 0 1.31184e-06
14.0693 0 1.25801e-06
14.0915 0 1.25257e-06
14.1136 0 1.42057e-06
14.1358 0 1.26586e-06
14.1579 0 1.32604e-06
14.18 0 1.33358e-06
14.2022 0 1.27684e-06
14.2243 0 1.22842e-06
14.2464 0 1.33635e-06
14.2686 0 1.23923e-06
14.2907 0 1.31484e-06
14.3129 0 1.24802e-06
14.335 0 1.18397e-06
14.3571 0 1.23769e-06
14.3793 0 1.18942e-06
14.4014 0 1.15896e-06
14.4236 0 1.20892e-06
14.4457 0 1.17423e-06
14.4678 0 1.16483e-06
14.49 0 1.18241e-06
14.5121 0 1.16867e-06
14.5343 0 1.1003e-06
14.5564 0 1.17044e-06
14.5785 0 1.10464e-06
14.6007 0 1.09514e-06
14.6228 0 1.17013e-06
14.6449 0 1.14728e-06
14.6671 0 1.11745e-06
14.6892 0 1.11196e-06
14.7114 0 1.07707e-06
14.7335 0 1.08845e-06
14.7556 0 1.03351e-06
14.7778 0 1.06465e-06
14.7999 0 1.0538e-06
14.8221 0 1.03274e-06
14.8442 0 1.04038e-06
14.8663 0 1.04587e-06
14.8885 0 9.95622e-07
14.9106 0 1.01101e-06
14.9328 0 1.01037e-06
14.9549 0 1.00619e-06
14.977 0 1.01893e-06
14.9992 0 9.71262e-07
15.0213 0 9.65114e-07
15.0434 0 1.00406e-06
15.0656 0 9.63502e-07
15.0877 0 9.05617e-07
15.1099 0 9.84631e-07
15.132 0 9.91419e-07
15.1541 0 9.37162e-07
15.1763 0 9.17209e-07
15.1984 0 9.53526e-07
15.2206 0 9.02808e-07
15.2427 0 9.22281e-07
15.2648 0 9.10975e-07
15.287 0 9.15755e-07
15.3091 0 8.5192e-07
15.3313 0 8.50244e-07
15.3534 0 8.64285e-07
15.3755 0 9.22704e-07
15.3977 0 8.61866e-07
15.4198 0 8.74954e-07
15.442 0 8.84761e-07
15.4641 0 8.55688e-07
15.4862 0 8.59261e-07
15.5084 0 8.42587e-07
15.5305 0 8.24641e-07
15.5526 0 8.35241e-07
15.5748 0 8.61442e-07
15.5969 0 7.82344e-07
15.6191 0 8.17098e-07
15.6412 0 7.50359e-07
15.6633 0 7.24124e-07
15.6855 0 7.9372e-07
15.7076 0 8.1072e-07
15.7298 0 8.01841e-07
15.7519 0 7.06249e-07
15.774 0 7.31597e-07
15.7962 0 7.69666e-07
15.8183 0 7.56497e-07
15.8405 0 7.74493e-07
15.8626 0 7.56118e-07
15.8847 0 7.49539e-07
15.9069 0 7.58068e-07
15.929 0 7.42181e-07
15.9511 0 7.55625e-07
15.9733 0 7.16405e-07
15.9954 0 7.63952e-07
16.0176 0 6.90201e-07
16.0397 0 7.43014e-07
16.0618 0 7.0501e-07
16.084 0 7.26997e-07
16.1061 0 7.04179e-07
16.1283 0 6.80787e-07
16.1504 0 7.10497e-07
16.1725 0 6.67894e-07
16.1947 0 6.93006e-07
16.2168 0 7.06625e-07
16.239 0 6.71155e-07
16.2611 0 6.51549e-07
16.2832 0 6.57271e-07
16.3054 0 6.33447e-07
16.3275 0 6.57664e-07
16.3497 0 6.17515e-07
16.3718 0 6.21566e-07
16.3939 0 6.01816e-07
16.4161 0 6.09157e-07
16.4382 0 5.72305e-07
16.4603 0 6.43921e-07
16.4825 0 6.43482e-07
16.5046 0 5.79067e-07
16.5268 0 6.06187e-07
16.5489 0 5.9475e-07
16.571 0 6.02425e-07
16.5932 0 6.04866e-07
16.6153 0 6.12659e-07
16.6375 0 6.20504e-07
16.6596 0 5.39607e-07
16.6817 0 5.50213e-07
16.7039 0 5.73978e-07
16.726 0 5.73399e-07
16.7482 0 5.64743e-07
16.7703 0 5.59944e-07
16.7924 0 6.06429e-07
16.8146 0 5.83041e-07
16.8367 0 5.61784e-07
16.8588 0 5.42915e-07
16.881 0 5.42698e-07
16.9031 0 5.53176e-07
16.9253 0 5.44907e-07
16.9474 0 5.4672e-07
16.9695 0 5.08463e-07
16.9917 0 5.08803e-07
17.0138 0 5.3161e-07
17.036 0 4.88649e-07
17.0581 0 4.78052e-07
17.0802 0 4.48103e-07
17.1024 0 5.0869e-07
17.1245 0 5.30825e-07
17.1467 0 4.88233e-07
17.1688 0 4.69376e-07
17.1909 0 4.75108e-07
17.2131 0 5.06353e-07
17.2352 0 4.78529e-07
17.2573 0 4.85496e-07
17.2795 0 4.86762e-07
17.3016 0 5.07817e-07
17.3238 0 4.79563e-07
17.3459 0 4.36004e-07
17.368 0 4.44349e-07
17.3902 0 4.31869e-07
17.4123 0 4.73288e-07
17.4345 0 4.39904e-07
17.4566 0 4.51166e-07
17.4787 0 4.43158e-07
17.5009 0 4.66349e-07
17.523 0 4.57494e-07
17.5452 0 4.45231e-07
17.5673 0 4.51674e-07
17.5894 0 4.10053e-07
17.6116 0 4.03516e-07
17.6337 0 4.17395e-07
17.6559 0 4.37169e-07
17.678 0 4.31342e-07
17.7001 0 4.34392e-07
17.7223 0 4.31816e-07
17.7444 0 3.89872e-07
17.7665 0 4.30559e-07
17.7887 0 4.15133e-07
17.8108 0 4.1635e-07
17.833 0 4.15645e-07
17.8551 0 4.20005e-07
17.8772 0 4.15514e-07
17.8994 0 3.90379e-07
17.9215 0 3.80521e-07
17.9437 0 3.99078e-07
17.9658 0 3.9021e-07
17.9879 0 3.81138e-07
18.0101 0 3.61905e-07
18.0322 0 3.72883e-07
18.0544 0 3.85764e-07
18.0765 0 3.69687e-07
18.0986 0 3.78705e-07
18.1208 0 3.83232e-07
18.1429 0 3.74834e-07
18.165 0 3.58883e-07
18.1872 0 3.7503e-07
18.2093 0 3.4827e-07
18.2315 0 3.66262e-07
18.2536 0 3.6692e-07
18.2757 0 3.6593e-07
18.2979 0 3.28156e-07
18.32 0 3.59104e-07
18.3422 0 3.41155e-07
18.3643 0 3.36077e-07
18.3864 0 3.31818e-07
18.4086 0 3.5011e-07
18.4307 0 3.20335e-07
18.4529 0 3.42229e-07
18.475 0 3.25233e-07
18.4971 0 3.38396e-07
18.5193 0 3.36328e-07
18.5414 0 3.24506e-07
18.5636 0 3.29632e-07
18.5857 0 3.08724e-07
18.6078 0 2.92627e-07
18.63 0 3.16578e-07
18.6521 0 3.36573e-07
18.6742 0 3.10573e-07
18.6964 0 3.01017e-07
18.7185 0 3.01057e-07
18.7407 0 3.12454e-07
18.7628 0 2.89642e-07
18.7849 0 2.99284e-07
18.8071 0 3.14014e-07
18.8292 0 2.85108e-07
18.8514 0 2.77772e-07
18.8735 0 2.67301e-07
18.8956 0 2.84247e-07
18.9178 0 2.77703e-07
18.9399 0 2.76861e-07
18.9621 0 2.64116e-07
18.9842 0 2.89938e-07
19.0063 0 2.85633e-07
19.0285 0 2.5405e-07
19.0506 0 2.93517e-07
19.0727 0 2.79231e-07
19.0949 0 2.65466e-07
19.117 0 2.49177e-07
19.1392 0 2.69418e-07
19.1613 0 2.74e-07
19.1834 0 2.59054e-07
19.2056 0 2.76377e-07
19.2277 0 2.81265e-07
19.2499 0 2.41306e-07
19.272 0 2.51675e-07
19.2941 0 2.54274e-07
19.3163 0 2.46929e-07
19.3384 0 2.48767e-07
19.3606 0 2.34915e-07
19.3827 0 2.50797e-07
19.4048 0 2.49977e-07
19.427 0 2.47546e-07
19.4491 0 2.4453e-07
19.4712 0 2.50298e-07
19.4934 0 2.39326e-07
19.5155 0 2.1945e-07
19.5377 0 2.58574e-07
19.5598 0 2.30083e-07
19.5819 0 2.30078e-07
19.6041 0 2.26578e-07
19.6262 0 2.27397e-07
19.6484 0 2.14749e-07
19.6705 0 2.35631e-07
19.6926 0 2.38292e-07
19.7148 0 2.27266e-07
19.7369 0 2.16062e-07
19.7591 0 2.18322e-07
19.7812 0 2.10166e-07
19.8033 0 2.26917e-07
19.8255 0 2.1555e-07
19.8476 0 2.13977e-07
19.8698 0 2.02247e-07
19.8919 0 2.14274e-07
19.914 0 2.11621e-07
19.9362 0 2.05043e-07
19.9583 0 1.99625e-07
19.9804 0 2.11437e-07
20.0026 0 2.02643e-07
20.0247 0 2.09042e-07
20.0469 0 2.07367e-07
20.069 0 1.9817e-07
20.0911 0 1.96136e-07
20.1133 0 2.00256e-07
20.1354 0 1.76722e-07
20.1576 0 1.95541e-07
20.1797 0 1.90491e-07
20.2018 0 2.02799e-07
20.224 0 1.97281e-07
20.2461 0 1.8678e-07
20.2683 0 1.85651e-07
20.2904 0 1.88143e-07
20.3125 0 1.76689e-07
20.3347 0 1.68783e-07
20.3568 0 1.76359e-07
20.3789 0 1.75002e-07
20.4011 0 1.89546e-07
20.4232 0 1.83909e-07
20.4454 0 1.73508e-07
20.4675 0 1.76961e-07
20.4896 0 1.73936e-07
20.5118 0 1.65145e-07
20.5339 0 1.68572e-07
20.5561 0 1.64617e-07
20.5782 0 1.77041e-07
20.6003 0 1.6651e-07
20.6225 0 1.52052e-07
20.6446 0 1.61656e-07
20.6668 0 1.59797e-07
20.6889 0 1.53723e-07
20.711 0 1.49482e-07
20.7332 0 1.59876e-07
20.7553 0 1.62556e-07
20.7775 0 1.53643e-07
20.7996 0 1.64201e-07
20.8217 0 1.70429e-07
20.8439 0 1.53651e-07
20.866 0 1.51509e-07
20.8881 0 1.42692e-07
20.9103 0 1.59145e-07
20.9324 0 1.56365e-07
20.9546 0 1.48089e-07
20.9767 0 1.56627e-07
20.9988 0 1.53177e-07
21.021 0 1.36919e-07
21.0431 0 1.3765e-07
21.0653 0 1.45248e-07
21.0874 0 1.41827e-07
21.1095 0 1.3416e-07
21.1317 0 1.4655e-07
21.1538 0 1.44522e-07
21.176 0 1.49409e-07
21.1981 0 1.37426e-07
21.2202 0 1.44622e-07
21.2424 0 1.29958e-07
21.2645 0 1.35269e-07
21.2866 0 1.26753e-07
21.3088 0 1.43828e-07
21.3309 0 1.28291e-07
21.3531 0 1.3188e-07
21.3752 0 1.33007e-07
21.3973 0 1.20791e-07
21.4195 0 1.29833e-07
21.4416 0 1.23141e-07
21.4638 0 1.22814e-07
21.4859 0 1.19437e-07
21.508 0 1.3085e-07
21.5302 0 1.21248e-07
21.5523 0 1.25307e-07
21.5745 0 1.25218e-07
21.5966 0 1.15651e-07
21.6187 0 1.21334e-07
21.6409 0 1.18355e-07
21.663 0 1.16356e-07
21.6851 0 1.23985e-07
21.7073 0 1.16369e-07
21.7294 0 1.12663e-07
21.7516 0 1.20379e-07
21.7737 0 1.14093e-07
21.7958 0 1.14954e-07
21.818 0 1.10976e-07
21.8401 0 1.15133e-07
21.8623 0 1.10731e-07
21.8844 0 1.05693e-07
21.9065 0 1.08831e-07
21.9287 0 1.13577e-07
21.9508 0 1.08245e-07
21.973 0 1.07691e-07
21.9951 0 1.09953e-07
22.0172 0 1.13968e-07
22.0394 0 1.06768e-07
22.0615 0 1.03341e-07
22.0837 0 1.11846e-07
22.1058 0 1.02295e-07
22.1279 0 1.03928e-07
22.1501 0 9.79481e-08
22.1722 0 9.73079e-08
22.1943 0 1.00464e-07
22.2165 0 9.58016e-08
22.2386 0 1.0004e-07
22.2608 0 1.03399e-07
22.2829 0 9.49939e-08
22.305 0 1.01451e-07
22.3272 0 9.54314e-08
22.3493 0 9.43154e-08
22.3715 0 9.66709e-08
22.3936 0 1.00139e-07
22.4157 0 9.22405e-08
22.4379 0 9.26563e-08
22.46 0 8.92261e-08
22.4822 0 9.50221e-08
22.5043 0 8.72039e-08
22.5264 0 9.30647e-08
22.5486 0 9.04758e-08
22.5707 0 8.75699e-08
22.5928 0 8.51855e-08
22.615 0 9.19567e-08
22.6371 0 8.79143e-08
22.6593 0 8.67731e-08
22.6814 0 9.08828e-08
22.7035 0 8.80719e-08
22.7257 0 8.81757e-08
22.7478 0 8.8596e-08
22.77 0 8.87972e-08
22.7921 0 8.22979e-08
22.8142 0 7.74875e-08
22.8364 0 8.18142e-08
22.8585 0 7.77437e-08
22.8807 0 8.53672e-08
22.9028 0 7.81181e-08
22.9249 0 8.34079e-08
22.9471 0 8.16115e-08
22.9692 0 7.96187e-08
22.9914 0 8.1399e-08
23.0135 0 7.65548e-08
23.0356 0 7.96602e-08
23.0578 0 7.96563e-08
23.0799 0 7.41885e-08
23.102 0 6.9243e-08
23.1242 0 7.59125e-08
23.1463 0 7.36749e-08
23.1685 0 7.10834e-08
23.1906 0 6.63807e-08
23.2127 0 7.37653e-08
23.2349 0 7.78044e-08
23.257 0 7.19545e-08
23.2792 0 7.27555e-08
23.3013 0 6.67922e-08
23.3234 0 7.34299e-08
23.3456 0 7.05283e-08
23.3677 0 6.7952e-08
23.3899 0 6.98739e-08
23.412 0 6.83014e-08
23.4341 0 6.94705e-08
23.4563 0 7.05716e-08
23.4784 0 7.24248e-08
23.5005 0 6.82432e-08
23.5227 0 6.5165e-08
23.5448 0 6.71036e-08
23.567 0 7.15541e-08
23.5891 0 6.13465e-08
23.6112 0 6.16276e-08
23.6334 0 6.33499e-08
23.6555 0 6.3806e-08
23.6777 0 6.26044e-08
23.6998 0 6.05821e-08
23.7219 0 5.9338e-08
23.7441 0 6.31692e-08
23.7662 0 6.22826e-08
23.7884 0 6.43822e-08
23.8105 0 6.14325e-08
23.8326 0 5.95808e-08
23.8548 0 5.77365e-08
23.8769 0 5.81854e-08
23.899 0 5.62509e-08
23.9212 0 6.16952e-08
23.9433 0 5.70402e-08
23.9655 0 5.66605e-08
23.9876 0 5.63877e-08
24.0097 0 5.61897e-08
24.0319 0 5.90687e-08
24.054 0 6.14244e-08
24.0762 0 5.35243e-08
24.0983 0 5.80289e-08
24.1204 0 5.59946e-08
24.1426 0 5.36327e-08
24.1647 0 5.35203e-08
24.1869 0 5.51208e-08
24.209 0 5.70801e-08
24.2311 0 5.38266e-08
24.2533 0 5.12187e-08
24.2754 0 5.06283e-08
24.2976 0 4.9521e-08
24.3197 0 5.12384e-08
24.3418 0 5.00581e-08
24.364 0 5.49802e-08
24.3861 0 5.36347e-08
24.4082 0 5.13331e-08
24.4304 0 5.31098e-08
24.4525 0 4.98861e-08
24.4747 0 5.00471e-08
24.4968 0 4.68266e-08
24.5189 0 4.94652e-08
24.5411 0 5.00906e-08
24.5632 0 4.62431e-08
24.5854 0 4.87893e-08
24.6075 0 4.86483e-08
24.6296 0 4.62915e-08
24.6518 0 4.70355e-08
24.6739 0 4.83715e-08
24.6961 0 4.57669e-08
24.7182 0 4.58754e-08
24.7403 0 4.72646e-08
24.7625 0 4.42544e-08
24.7846 0 4.32763e-08
24.8067 0 4.79448e-08
24.8289 0 4.24863e-08
24.851 0 4.41299e-08
24.8732 0 4.32295e-08
24.8953 0 4.45514e-08
24.9174 0 4.52001e-08
24.9396 0 4.19867e-08
24.9617 0 4.5522e-08
24.9839 0 4.0541e-08
25.006 0 4.209e-08
25.0281 0 4.02163e-08
25.0503 0 4.14762e-08
25.0724 0 4.09875e-08
25.0946 0 4.02817e-08
25.1167 0 3.98599e-08
25.1388 0 3.99687e-08
25.161 0 3.97691e-08
25.1831 0 3.90057e-08
25.2053 0 4.00164e-08
25.2274 0 4.14027e-08
25.2495 0 3.63314e-08
25.2717 0 3.86573e-08
25.2938 0 3.75945e-08
25.3159 0 3.87104e-08
25.3381 0 3.87595e-08
25.3602 0 3.71825e-08
25.3824 0 3.48493e-08
25.4045 0 3.78114e-08
25.4266 0 3.51238e-08
25.4488 0 3.6193e-08
25.4709 0 3.66295e-08
25.4931 0 3.55845e-08
25.5152 0 3.43378e-08
25.5373 0 3.47933e-08
25.5595 0 3.20171e-08
25.5816 0 3.21375e-08
25.6038 0 3.68165e-08
25.6259 0 3.40664e-08
25.648 0 3.4907e-08
25.6702 0 3.0947e-08
25.6923 0 3.20187e-08
25.7144 0 3.09392e-08
25.7366 0 3.33745e-08
25.7587 0 3.27786e-08
25.7809 0 3.4975e-08
25.803 0 3.72582e-08
25.8251 0 3.17443e-08
25.8473 0 3.30456e-08
25.8694 0 3.16086e-08
25.8916 0 3.24483e-08
25.9137 0 3.0955e-08
25.9358 0 3.25382e-08
25.958 0 3.12523e-08
25.9801 0 3.03546e-08
26.0023 0 2.93103e-08
26.0244 0 2.91271e-08
26.0465 0 2.84467e-08
26.0687 0 3.06632e-08
26.0908 0 2.89593e-08
26.1129 0 2.99862e-08
26.1351 0 2.88945e-08
26.1572 0 2.8785e-08
26.1794 0 2.65419e-08
26.2015 0 2.99879e-08
26.2236 0 2.66022e-08
26.2458 0 3.01203e-08
26.2679 0 2.94034e-08
26.2901 0 2.59268e-08
26.3122 0 2.99367e-08
26.3343 0 2.86512e-08
26.3565 0 3.05647e-08
26.3786 0 2.77764e-08
26.4008 0 2.61159e-08
26.4229 0 2.86121e-08
26.445 0 2.66141e-08
26.4672 0 2.58341e-08
26.4893 0 2.59244e-08
26.5115 0 2.74285e-08
26.5336 0 2.56184e-08
26.5557 0 2.52543e-08
26.5779 0 2.50163e-08
26.6 0 2.36733e-08
26.6221 0 2.40809e-08
26.6443 0 2.60444e-08
26.6664 0 2.40394e-08
26.6886 0 2.41491e-08
26.7107 0 2.39864e-08
26.7328 0 2.47835e-08
26.755 0 2.53483e-08
26.7771 0 2.30324e-08
26.7993 0 2.48999e-08
26.8214 0 2.30585e-08
26.8435 0 2.51361e-08
26.8657 0 2.13297e-08
26.8878 0 2.24802e-08
26.91 0 2.18095e-08
26.9321 0 2.30427e-08
26.9542 0 2.32476e-08
26.9764 0 2.29477e-08
26.9985 0 2.2371e-08
27.0206 0 2.25327e-08
27.0428 0 2.27414e-08
27.0649 0 2.17441e-08
27.0871 0 2.13123e-08
27.1092 0 2.15603e-08
27.1313 0 2.0995e-08
27.1535 0 2.14172e-08
27.1756 0 1.96166e-08
27.1978 0 2.15683e-08
27.2199 0 2.00993e-08
27.242 0 2.19079e-08
27.2642 0 2.09458e-08
27.2863 0 1.97344e-08
27.3085 0 2.10401e-08
27.3306 0 1.91984e-08
27.3527 0 2.03256e-08
27.3749 0 1.95753e-08
27.397 0 2.11225e-08
27.4192 0 1.90702e-08
27.4413 0 1.92556e-08
27.4634 0 2.01894e-08
27.4856 0 1.74113e-08
27.5077 0 1.74673e-08
27.5298 0 1.8782e-08
27.552 0 1.80158e-08
27.5741 0 1.90674e-08
27.5963 0 1.87181e-08
27.6184 0 1.79288e-08
27.6405 0 1.85196e-08
27.6627 0 1.86619e-08
27.6848 0 1.76272e-08
27.707 0 1.88402e-08
27.7291 0 1.75664e-08
27.7512 0 1.75205e-08
27.7734 0 1.74369e-08
27.7955 0 1.78986e-08
27.8177 0 1.72041e-08
27.8398 0 1.63603e-08
27.8619 0 1.75024e-08
27.8841 0 1.66225e-08
27.9062 0 1.69813e-08
27.9283 0 1.6551e-08
27.9505 0 1.58805e-08
27.9726 0 1.72734e-08
27.9948 0 1.64878e-08
28.0169 0 1.65119e-08
28.039 0 1.66049e-08
28.0612 0 1.66961e-08
28.0833 0 1.53661e-08
28.1055 0 1.72237e-08
28.1276 0 1.47466e-08
28.1497 0 1.69598e-08
28.1719 0 1.48145e-08
28.194 0 1.53837e-08
28.2162 0 1.4683e-08
28.2383 0 1.53474e-08
28.2604 0 1.55808e-08
28.2826 0 1.5145e-08
28.3047 0 1.44149e-08
28.3268 0 1.59565e-08
28.349 0 1.4893e-08
28.3711 0 1.32973e-08
28.3933 0 1.41825e-08
28.4154 0 1.41661e-08
28.4375 0 1.41131e-08
28.4597 0 1.32958e-08
28.4818 0 1.39614e-08
28.504 0 1.46653e-08
28.5261 0 1.383e-08
28.5482 0 1.24439e-08
28.5704 0 1.45498e-08
28.5925 0 1.38696e-08
28.6147 0 1.34809e-08
28.6368 0 1.27919e-08
28.6589 0 1.30874e-08
28.6811 0 1.25757e-08
28.7032 0 1.24721e-08
28.7254 0 1.40352e-08
28.7475 0 1.24914e-08
28.7696 0 1.23711e-08
28.7918 0 1.24065e-08
28.8139 0 1.24423e-08
28.836 0 1.25826e-08
28.8582 0 1.24531e-08
28.8803 0 1.21983e-08
28.9025 0 1.2097e-08
28.9246 0 1.16584e-08
28.9467 0 1.1834e-08
28.9689 0 1.33135e-08
28.991 0 1.24949e-08
29.0132 0 1.19644e-08
29.0353 0 1.15248e-08
29.0574 0 1.13608e-08
29.0796 0 1.07366e-08
29.1017 0 1.08313e-08
29.1239 0 1.1741e-08
29.146 0 1.13417e-08
29.1681 0 1.11123e-08
29.1903 0 1.11241e-08
29.2124 0 1.13428e-08
29.2345 0 1.179e-08
29.2567 0 1.04108e-08
29.2788 0 1.08928e-08
29.301 0 1.05379e-08
29.3231 0 1.07758e-08
29.3452 0 1.02506e-08
29.3674 0 9.96372e-09
29.3895 0 1.10964e-08
29.4117 0 1.0655e-08
29.4338 0 1.09654e-08
29.4559 0 9.73734e-09
29.4781 0 1.0251e-08
29.5002 0 1.00598e-08
29.5224 0 9.61754e-09
29.5445 0 1.0003e-08
29.5666 0 1.02131e-08
29.5888 0 9.28792e-09
29.6109 0 9.38037e-09
29.6331 0 9.92743e-09
29.6552 0 1.00848e-08
29.6773 0 9.21285e-09
29.6995 0 9.95441e-09
29.7216 0 9.56984e-09
29.7437 0 9.449e-09
29.7659 0 8.74643e-09
29.788 0 9.06112e-09
29.8102 0 9.3242e-09
29.8323 0 8.71148e-09
29.8544 0 9.57112e-09
29.8766 0 8.93682e-09
29.8987 0 8.67366e-09
29.9209 0 8.38112e-09
29.943 0 8.48594e-09
29.9651 0 8.12718e-09
29.9873 0 8.7691e-09
30.0094 0 8.49873e-09
30.0316 0 8.46387e-09
30.0537 0 8.02293e-09
30.0758 0 8.49531e-09
30.098 0 8.07729e-09
30.1201 0 7.78627e-09
30.1422 0 8.12557e-09
30.1644 0 8.13572e-09
30.1865 0 8.1579e-09
30.2087 0 8.02985e-09
30.2308 0 8.37728e-09
30.2529 0 7.8083e-09
30.2751 0 7.9708e-09
30.2972 0 7.69478e-09
30.3194 0 7.36897e-09
30.3415 0 8.01824e-09
30.3636 0 7.42656e-09
30.3858 0 7.8606e-09
30.4079 0 8.05591e-09
30.4301 0 7.59972e-09
30.4522 0 7.00831e-09
30.4743 0 7.42419e-09
30.4965 0 7.17178e-09
30.5186 0 7.39409e-09
30.5407 0 7.02293e-09
30.5629 0 7.05804e-09
30.585 0 7.50204e-09
30.6072 0 7.23006e-09
30.6293 0 6.9698e-09
30.6514 0 6.90958e-09
30.6736 0 7.26724e-09
30.6957 0 6.64985e-09
30.7179 0 7.22193e-09
30.74 0 6.52953e-09
30.7621 0 7.3678e-09
30.7843 0 5.98125e-09
30.8064 0 6.22329e-09
30.8286 0 6.45134e-09
30.8507 0 6.52821e-09
30.8728 0 6.21658e-09
30.895 0 6.34443e-09
30.9171 0 6.42856e-09
30.9393 0 6.0653e-09
30.9614 0 5.89889e-09
30.9835 0 6.18549e-09
31.0057 0 6.08686e-09
31.0278 0 5.97902e-09
31.0499 0 6.17954e-09
31.0721 0 6.40203e-09
31.0942 0 6.31673e-09
31.1164 0 6.00856e-09
31.1385 0 5.79972e-09
31.1606 0 5.68223e-09
31.1828 0 5.9045e-09
31.2049 0 6.19794e-09
31.2271 0 5.56583e-09
31.2492 0 5.91324e-09
31.2713 0 5.86339e-09
31.2935 0 5.58496e-09
31.3156 0 5.98249e-09
31.3378 0 5.65958e-09
31.3599 0 5.35634e-09
31.382 0 5.71022e-09
31.4042 0 5.56719e-09
31.4263 0 5.55192e-09
31.4484 0 5.64042e-09
31.4706 0 5.23473e-09
31.4927 0 5.56803e-09
31.5149 0 5.31907e-09
31.537 0 5.20838e-09
31.5591 0 5.37008e-09
31.5813 0 4.91006e-09
31.6034 0 4.72089e-09
31.6256 0 5.34981e-09
31.6477 0 5.08299e-09
31.6698 0 5.09442e-09
31.692 0 4.94693e-09
31.7141 0 5.18087e-09
31.7363 0 5.38377e-09
31.7584 0 4.79231e-09
31.7805 0 4.81796e-09
31.8027 0 5.01784e-09
31.8248 0 4.54814e-09
31.847 0 5.03511e-09
31.8691 0 4.92666e-09
31.8912 0 4.53665e-09
31.9134 0 4.40212e-09
31.9355 0 5.05271e-09
31.9576 0 4.8501e-09
31.9798 0 4.33664e-09
32.0019 0 4.80236e-09
32.0241 0 4.71288e-09
32.0462 0 4.42492e-09
32.0683 0 4.74613e-09
32.0905 0 4.80011e-09
32.1126 0 4.3416e-09
32.1348 0 4.62438e-09
32.1569 0 4.45008e-09
32.179 0 4.16924e-09
32.2012 0 4.24215e-09
32.2233 0 4.40025e-09
32.2455 0 4.29547e-09
32.2676 0 4.0924e-09
32.2897 0 4.17404e-09
32.3119 0 4.24379e-09
32.334 0 3.9707e-09
32.3561 0 4.07446e-09
32.3783 0 4.11175e-09
32.4004 0 3.76907e-09
32.4226 0 3.84695e-09
32.4447 0 4.54722e-09
32.4668 0 4.00772e-09
32.489 0 3.90427e-09
32.5111 0 4.04159e-09
32.5333 0 4.2149e-09
32.5554 0 3.80546e-09
32.5775 0 3.42701e-09
32.5997 0 3.65044e-09
32.6218 0 3.83563e-09
32.644 0 3.6787e-09
32.6661 0 3.61308e-09
32.6882 0 3.81208e-09
32.7104 0 3.55328e-09
32.7325 0 3.78617e-09
32.7546 0 3.65389e-09
32.7768 0 3.15697e-09
32.7989 0 3.31579e-09
32.8211 0 3.45887e-09
32.8432 0 3.5838e-09
32.8653 0 3.59641e-09
32.8875 0 3.61649e-09
32.9096 0 3.54329e-09
32.9318 0 3.44247e-09
32.9539 0 3.48254e-09
32.976 0 3.41967e-09
32.9982 0 3.20265e-09
33.0203 0 3.32053e-09
33.0425 0 3.31646e-09
33.0646 0 3.22231e-09
33.0867 0 3.22235e-09
33.1089 0 3.12599e-09
33.131 0 3.05722e-09
33.1532 0 3.06569e-09
33.1753 0 3.0331e-09
33.1974 0 3.0012e-09
33.2196 0 2.92037e-09
33.2417 0 3.39873e-09
33.2638 0 3.19486e-09
33.286 0 2.90062e-09
33.3081 0 2.94424e-09
33.3303 0 3.02825e-09
33.3524 0 2.77677e-09
33.3745 0 3.08254e-09
33.3967 0 2.79385e-09
33.4188 0 3.01742e-09
33.441 0 2.78825e-09
33.4631 0 2.96637e-09
33.4852 0 2.71678e-09
33.5074 0 2.82892e-09
33.5295 0 2.89747e-09
33.5517 0 2.80109e-09
33.5738 0 2.84026e-09
33.5959 0 2.74464e-09
33.6181 0 2.68788e-09
33.6402 0 2.81669e-09
33.6623 0 2.57295e-09
33.6845 0 2.78659e-09
33.7066 0 2.68308e-09
33.7288 0 2.52176e-09
33.7509 0 2.69317e-09
33.773 0 2.55915e-09
33.7952 0 2.69648e-09
33.8173 0 2.64328e-09
33.8395 0 2.52994e-09
33.8616 0 2.47832e-09
33.8837 0 2.44558e-09
33.9059 0 2.52547e-09
33.928 0 2.72671e-09
33.9502 0 2.398e-09
33.9723 0 2.3533e-09
33.9944 0 2.41489e-09
34.0166 0 2.31576e-09
34.0387 0 2.43663e-09
34.0609 0 2.45891e-09
34.083 0 2.20673e-09
34.1051 0 2.39045e-09
34.1273 0 2.31794e-09
34.1494 0 2.44399e-09
34.1715 0 2.07114e-09
34.1937 0 2.16431e-09
34.2158 0 2.37354e-09
34.238 0 2.22956e-09
34.2601 0 2.16267e-09
34.2822 0 2.07163e-09
34.3044 0 2.37944e-09
34.3265 0 2.32325e-09
34.3487 0 2.15846e-09
34.3708 0 2.28524e-09
34.3929 0 2.1281e-09
34.4151 0 2.1722e-09
34.4372 0 2.14868e-09
34.4594 0 2.11667e-09
34.4815 0 2.07867e-09
34.5036 0 1.82414e-09
34.5258 0 1.92615e-09
34.5479 0 2.07772e-09
34.57 0 1.94871e-09
34.5922 0 1.91357e-09
34.6143 0 2.12805e-09
34.6365 0 1.95267e-09
34.6586 0 1.97459e-09
34.6807 0 1.92454e-09
34.7029 0 1.9412e-09
34.725 0 2.00777e-09
34.7472 0 1.93107e-09
34.7693 0 1.96665e-09
34.7914 0 1.88763e-09
34.8136 0 1.892e-09
34.8357 0 1.77661e-09
34.8579 0 1.82262e-09
34.88 0 1.73188e-09
34.9021 0 1.70998e-09
34.9243 0 1.68882e-09
34.9464 0 1.98398e-09
34.9685 0 1.90803e-09
34.9907 0 1.76266e-09
35.0128 0 1.71317e-09
35.035 0 1.70061e-09
35.0571 0 1.76036e-09
35.0792 0 1.7679e-09
35.1014 0 1.7241e-09
35.1235 0 1.63285e-09
35.1457 0 1.59135e-09
35.1678 0 1.67797e-09
35.1899 0 1.74844e-09
35.2121 0 1.48872e-09
35.2342 0 1.65397e-09
35.2564 0 1.68086e-09
35.2785 0 1.62764e-09
35.3006 0 1.52107e-09
35.3228 0 1.55418e-09
35.3449 0 1.63472e-09
35.3671 0 1.57923e-09
35.3892 0 1.56966e-09
35.4113 0 1.54446e-09
35.4335 0 1.38771e-09
35.4556 0 1.55061e-09
35.4777 0 1.63156e-09
35.4999 0 1.4695e-09
35.522 0 1.46528e-09
35.5442 0 1.53873e-09
35.5663 0 1.37453e-09
35.5884 0 1.44711e-09
35.6106 0 1.41808e-09
35.6327 0 1.59391e-09
35.6549 0 1.43783e-09
35.677 0 1.28614e-09
35.6991 0 1.4389e-09
35.7213 0 1.50531e-09
35.7434 0 1.44114e-09
35.7656 0 1.35002e-09
35.7877 0 1.41783e-09
35.8098 0 1.37549e-09
35.832 0 1.46099e-09
35.8541 0 1.23061e-09
35.8762 0 1.36331e-09
35.8984 0 1.29209e-09
35.9205 0 1.27906e-09
35.9427 0 1.19279e-09
35.9648 0 1.16667e-09
35.9869 0 1.32074e-09
36.0091 0 1.29321e-09
36.0312 0 1.30793e-09
36.0534 0 1.17993e-09
36.0755 0 1.2182e-09
36.0976 0 1.30583e-09
36.1198 0 1.32942e-09
36.1419 0 1.25627e-09
36.1641 0 1.14219e-09
36.1862 0 1.22096e-09
36.2083 0 1.32046e-09
36.2305 0 1.24532e-09
36.2526 0 1.09386e-09
36.2747 0 1.14915e-09
36.2969 0 1.1973e-09
36.319 0 1.25043e-09
36.3412 0 1.23202e-09
36.3633 0 1.21431e-09
36.3854 0 1.22761e-09
36.4076 0 1.17151e-09
36.4297 0 1.11198e-09
36.4519 0 1.06408e-09
36.474 0 1.06883e-09
36.4961 0 1.09934e-09
36.5183 0 1.11804e-09
36.5404 0 9.97641e-10
36.5626 0 1.02245e-09
36.5847 0 1.00352e-09
36.6068 0 1.00799e-09
36.629 0 1.0138e-09
36.6511 0 1.02834e-09
36.6733 0 1.12107e-09
36.6954 0 1.08285e-09
36.7175 0 1.0401e-09
36.7397 0 1.05029e-09
36.7618 0 1.07457e-09
36.7839 0 9.56169e-10
36.8061 0 1.07262e-09
36.8282 0 9.87453e-10
36.8504 0 8.97084e-10
36.8725 0 1.05445e-09
36.8946 0 8.94164e-10
36.9168 0 1.01482e-09
36.9389 0 9.89636e-10
36.9611 0 1.01275e-09
36.9832 0 9.09916e-10
37.0053 0 9.79858e-10
37.0275 0 1.03223e-09
37.0496 0 9.646e-10
37.0718 0 9.87892e-10
37.0939 0 9.16384e-10
37.116 0 9.48811e-10
37.1382 0 9.53806e-10
37.1603 0 8.21609e-10
37.1824 0 8.52459e-10
37.2046 0 8.6318e-10
37.2267 0 8.73201e-10
37.2489 0 9.06036e-10
37.271 0 8.63944e-10
37.2931 0 9.57132e-10
37.3153 0 8.33996e-10
37.3374 0 7.53131e-10
37.3596 0 8.25686e-10
37.3817 0 8.78272e-10
37.4038 0 8.02383e-10
37.426 0 8.40935e-10
37.4481 0 7.85807e-10
37.4703 0 8.46147e-10
37.4924 0 8.18269e-10
37.5145 0 8.1675e-10
37.5367 0 8.57363e-10
37.5588 0 7.62545e-10
37.581 0 7.854e-10
37.6031 0 8.05703e-10
37.6252 0 7.46778e-10
37.6474 0 7.12699e-10
37.6695 0 7.85889e-10
37.6916 0 7.86711e-10
37.7138 0 8.24223e-10
37.7359 0 7.53489e-10
37.7581 0 7.38622e-10
37.7802 0 7.07811e-10
37.8023 0 6.90466e-10
37.8245 0 7.64795e-10
37.8466 0 7.11604e-10
37.8688 0 7.36249e-10
37.8909 0 7.02648e-10
37.913 0 7.12141e-10
37.9352 0 6.75602e-10
37.9573 0 6.81097e-10
37.9795 0 6.69434e-10
38.0016 0 6.56261e-10
38.0237 0 6.68744e-10
38.0459 0 6.74186e-10
38.068 0 6.55766e-10
38.0901 0 7.20157e-10
38.1123 0 6.39451e-10
38.1344 0 6.62635e-10
38.1566 0 6.25752e-10
38.1787 0 6.23557e-10
38.2008 0 6.83322e-10
38.223 0 6.41027e-10
38.2451 0 6.38432e-10
38.2673 0 6.14572e-10
38.2894 0 6.04655e-10
38.3115 0 6.14033e-10
38.3337 0 6.4947e-10
38.3558 0 6.40146e-10
38.378 0 6.38691e-10
38.4001 0 6.1288e-10
38.4222 0 5.76573e-10
38.4444 0 5.43689e-10
38.4665 0 5.90178e-10
38.4886 0 5.62745e-10
38.5108 0 5.84368e-10
38.5329 0 5.63287e-10
38.5551 0 5.90708e-10
38.5772 0 5.83342e-10
38.5993 0 5.75265e-10
38.6215 0 5.47049e-10
38.6436 0 5.61846e-10
38.6658 0 5.42366e-10
38.6879 0 5.49515e-10
38.71 0 5.47675e-10
38.7322 0 5.25802e-10
38.7543 0 5.19188e-10
38.7765 0 5.66812e-10
38.7986 0 5.3513e-10
38.8207 0 5.32442e-10
38.8429 0 5.50402e-10
38.865 0 5.16995e-10
38.8872 0 5.08552e-10
38.9093 0 4.91741e-10
38.9314 0 5.33967e-10
38.9536 0 4.93959e-10
38.9757 0 5.10959e-10
38.9978 0 5.24167e-10
39.02 0 5.07741e-10
39.0421 0 5.04407e-10
39.0643 0 5.07236e-10
39.0864 0 5.23532e-10
39.1085 0 5.47792e-10
39.1307 0 4.77049e-10
39.1528 0 4.80839e-10
39.175 0 4.72999e-10
39.1971 0 4.44142e-10
39.2192 0 4.81738e-10
39.2414 0 4.84299e-10
39.2635 0 4.45158e-10
39.2857 0 4.65323e-10
39.3078 0 4.27588e-10
39.3299 0 4.85675e-10
39.3521 0 4.33673e-10
39.3742 0 4.46719e-10
39.3963 0 4.54548e-10
39.4185 0 4.20517e-10
39.4406 0 4.18365e-10
39.4628 0 4.07162e-10
39.4849 0 4.18139e-10
39.507 0 4.18189e-10
39.5292 0 4.01738e-10
39.5513 0 4.63994e-10
39.5735 0 3.71422e-10
39.5956 0 4.12148e-10
39.6177 0 4.30097e-10
39.6399 0 3.90648e-10
39.662 0 3.8631e-10
39.6842 0 4.07322e-10
39.7063 0 4.11776e-10
39.7284 0 3.7431e-10
39.7506 0 3.90274e-10
39.7727 0 3.75055e-10
39.7949 0 4.17414e-10
39.817 0 3.94027e-10
39.8391 0 3.62782e-10
39.8613 0 3.82895e-10
39.8834 0 4.0123e-10
39.9055 0 4.03295e-10
39.9277 0 3.83419e-10
39.9498 0 3.64916e-10
39.972 0 3.55088e-10
39.9941 0 3.92777e-10
40.0162 0 3.59305e-10
40.0384 0 3.38497e-10
40.0605 0 3.71713e-10
40.0827 0 3.58499e-10
40.1048 0 3.58266e-10
40.1269 0 3.47569e-10
40.1491 0 3.38706e-10
40.1712 0 3.17791e-10
40.1934 0 3.5314e-10
40.2155 0 3.34273e-10
40.2376 0 3.39805e-10
40.2598 0 3.27747e-10
40.2819 0 3.18602e-10
40.304 0 3.51294e-10
40.3262 0 3.40588e-10
40.3483 0 3.21108e-10
40.3705 0 3.22789e-10
40.3926 0 2.88394e-10
40.4147 0 3.05134e-10
40.4369 0 3.02752e-10
40.459 0 3.01738e-10
40.4812 0 3.23673e-10
40.5033 0 3.04792e-10
40.5254 0 2.9418e-10
40.5476 0 2.91616e-10
40.5697 0 2.92494e-10
40.5919 0 3.02887e-10
40.614 0 3.11066e-10
40.6361 0 2.74889e-10
40.6583 0 3.05044e-10
40.6804 0 3.11324e-10
40.7025 0 2.78552e-10
40.7247 0 2.95378e-10
40.7468 0 2.97731e-10
40.769 0 2.77222e-10
40.7911 0 2.92016e-10
40.8132 0 2.7505e-10
40.8354 0 3.11337e-10
40.8575 0 3.01147e-10
40.8797 0 2.71e-10
40.9018 0 2.65431e-10
40.9239 0 3.02425e-10
40.9461 0 2.67629e-10
40.9682 0 2.56475e-10
40.9904 0 2.59869e-10
41.0125 0 3.16618e-10
41.0346 0 2.44124e-10
41.0568 0 2.57879e-10
41.0789 0 2.51963e-10
41.1011 0 2.68437e-10
41.1232 0 2.44871e-10
41.1453 0 2.52394e-10
41.1675 0 2.65864e-10
41.1896 0 2.47769e-10
41.2117 0 2.517e-10
41.2339 0 2.5814e-10
41.256 0 2.55495e-10
41.2782 0 2.30009e-10
41.3003 0 2.46482e-10
41.3224 0 2.25959e-10
41.3446 0 2.25723e-10
41.3667 0 2.21925e-10
41.3889 0 2.55747e-10
41.411 0 2.39549e-10
41.4331 0 2.36267e-10
41.4553 0 2.14576e-10
41.4774 0 2.23515e-10
41.4996 0 2.3063e-10
41.5217 0 2.22015e-10
41.5438 0 2.15578e-10
41.566 0 2.30028e-10
41.5881 0 2.04052e-10
41.6102 0 2.23992e-10
41.6324 0 2.29326e-10
41.6545 0 1.99992e-10
41.6767 0 2.28487e-10
41.6988 0 2.09774e-10
41.7209 0 2.00594e-10
41.7431 0 2.07103e-10
41.7652 0 2.00536e-10
41.7874 0 1.92217e-10
41.8095 0 2.06882e-10
41.8316 0 2.03804e-10
41.8538 0 2.09363e-10
41.8759 0 1.97202e-10
41.8981 0 2.12297e-10
41.9202 0 2.00885e-10
41.9423 0 1.83985e-10
41.9645 0 1.82252e-10
41.9866 0 1.9929e-10
42.0088 0 1.95894e-10
42.0309 0 2.02263e-10
42.053 0 1.76165e-10
42.0752 0 1.89508e-10
42.0973 0 1.98376e-10
42.1194 0 1.76875e-10
42.1416 0 2.02239e-10
42.1637 0 1.62292e-10
42.1859 0 1.85203e-10
42.208 0 1.65758e-10
42.2301 0 1.7281e-10
42.2523 0 1.79647e-10
42.2744 0 1.98392e-10
42.2966 0 1.80925e-10
42.3187 0 1.60831e-10
42.3408 0 1.65689e-10
42.363 0 1.78634e-10
42.3851 0 1.78901e-10
42.4073 0 1.50743e-10
42.4294 0 1.72218e-10
42.4515 0 1.72408e-10
42.4737 0 1.65365e-10
42.4958 0 1.5552e-10
42.5179 0 1.63121e-10
42.5401 0 1.63454e-10
42.5622 0 1.64198e-10
42.5844 0 1.56799e-10
42.6065 0 1.62345e-10
42.6286 0 1.51106e-10
42.6508 0 1.6855e-10
42.6729 0 1.53772e-10
42.6951 0 1.36489e-10
42.7172 0 1.5436e-10
42.7393 0 1.60718e-10
42.7615 0 1.40149e-10
42.7836 0 1.38584e-10
42.8058 0 1.5017e-10
42.8279 0 1.48891e-10
42.85 0 1.51201e-10
42.8722 0 1.45415e-10
42.8943 0 1.51082e-10
42.9164 0 1.36213e-10
42.9386 0 1.36946e-10
42.9607 0 1.34992e-10
42.9829 0 1.29457e-10
43.005 0 1.32704e-10
43.0271 0 1.35476e-10
43.0493 0 1.32487e-10
43.0714 0 1.39479e-10
43.0936 0 1.3239e-10
43.1157 0 1.33723e-10
43.1378 0 1.35182e-10
43.16 0 1.34234e-10
43.1821 0 1.32968e-10
43.2043 0 1.27402e-10
43.2264 0 1.43477e-10
43.2485 0 1.32005e-10
43.2707 0 1.34219e-10
43.2928 0 1.26099e-10
43.315 0 1.20596e-10
43.3371 0 1.25148e-10
43.3592 0 1.22044e-10
43.3814 0 1.32281e-10
43.4035 0 1.21796e-10
43.4256 0 1.30321e-10
43.4478 0 1.23753e-10
43.4699 0 1.14492e-10
43.4921 0 1.04495e-10
43.5142 0 1.21492e-10
43.5363 0 1.23281e-10
43.5585 0 1.09268e-10
43.5806 0 1.05994e-10
43.6028 0 1.17573e-10
43.6249 0 1.1215e-10
43.647 0 1.20109e-10
43.6692 0 1.06156e-10
43.6913 0 1.18998e-10
43.7135 0 1.11908e-10
43.7356 0 1.25718e-10
43.7577 0 1.11294e-10
43.7799 0 1.12802e-10
43.802 0 1.06997e-10
43.8241 0 1.09042e-10
43.8463 0 1.1805e-10
43.8684 0 1.11754e-10
43.8906 0 1.06586e-10
43.9127 0 1.03103e-10
43.9348 0 1.03017e-10
43.957 0 9.73971e-11
43.9791 0 1.02041e-10
44.0013 0 9.93323e-11
44.0234 0 8.99917e-11
44.0455 0 1.0353e-10
44.0677 0 1.00005e-10
44.0898 0 9.64012e-11
44.112 0 9.23439e-11
44.1341 0 1.03715e-10
44.1562 0 9.85226e-11
44.1784 0 9.21652e-11
44.2005 0 1.00045e-10
44.2227 0 9.82931e-11
44.2448 0 9.00246e-11
44.2669 0 9.62889e-11
44.2891 0 8.41997e-11
44.3112 0 9.68098e-11
44.3333 0 9.01912e-11
44.3555 0 8.8984e-11
44.3776 0 9.10569e-11
44.3998 0 9.44488e-11
44.4219 0 9.0469e-11
44.444 0 8.1465e-11
44.4662 0 8.97625e-11
44.4883 0 9.53949e-11
44.5105 0 8.15634e-11
44.5326 0 8.15829e-11
44.5547 0 8.61014e-11
44.5769 0 8.45658e-11
44.599 0 8.17958e-11
44.6212 0 8.44923e-11
44.6433 0 8.2161e-11
44.6654 0 7.97398e-11
44.6876 0 7.97967e-11
44.7097 0 7.56388e-11
44.7318 0 8.24067e-11
44.754 0 7.76048e-11
44.7761 0 8.41736e-11
44.7983 0 8.24265e-11
44.8204 0 7.72278e-11
44.8425 0 6.94386e-11
44.8647 0 7.02908e-11
44.8868 0 7.64137e-11
44.909 0 8.20911e-11
44.9311 0 7.35666e-11
44.9532 0 7.22665e-11
44.9754 0 7.19808e-11
44.9975 0 8.13009e-11
45.0197 0 7.72138e-11
45.0418 0 6.61806e-11
45.0639 0 6.91683e-11
45.0861 0 8.10544e-11
45.1082 0 7.22269e-11
45.1303 0 6.40268e-11
45.1525 0 7.02246e-11
45.1746 0 6.89768e-11
45.1968 0 7.43513e-11
45.2189 0 6.79823e-11
45.241 0 6.36203e-11
45.2632 0 7.19283e-11
45.2853 0 7.23512e-11
45.3075 0 6.68929e-11
45.3296 0 6.95417e-11
45.3517 0 6.86282e-11
45.3739 0 6.40356e-11
45.396 0 6.19927e-11
45.4182 0 6.51825e-11
45.4403 0 6.57448e-11
45.4624 0 6.22536e-11
45.4846 0 6.37782e-11
45.5067 0 6.24951e-11
45.5289 0 6.32743e-11
45.551 0 5.87025e-11
45.5731 0 6.80538e-11
45.5953 0 6.35848e-11
45.6174 0 5.83602e-11
45.6395 0 6.74948e-11
45.6617 0 6.55989e-11
45.6838 0 6.29532e-11
45.706 0 5.80123e-11
45.7281 0 6.16506e-11
45.7502 0 5.88121e-11
45.7724 0 5.62038e-11
45.7945 0 5.91441e-11
45.8167 0 5.64228e-11
45.8388 0 5.90151e-11
45.8609 0 5.57605e-11
45.8831 0 5.3938e-11
45.9052 0 5.3675e-11
45.9274 0 5.35027e-11
45.9495 0 6.05656e-11
45.9716 0 5.52992e-11
45.9938 0 5.40497e-11
46.0159 0 5.62448e-11
46.038 0 5.2985e-11
46.0602 0 5.30749e-11
46.0823 0 4.9441e-11
46.1045 0 5.15003e-11
46.1266 0 5.29374e-11
46.1487 0 5.18234e-11
46.1709 0 5.4861e-11
46.193 0 5.51088e-11
46.2152 0 5.43717e-11
46.2373 0 5.09022e-11
46.2594 0 4.74325e-11
46.2816 0 4.93945e-11
46.3037 0 4.85776e-11
46.3259 0 4.80817e-11
46.348 0 4.50483e-11
46.3701 0 5.02431e-11
46.3923 0 5.14952e-11
46.4144 0 4.70964e-11
46.4366 0 4.62123e-11
46.4587 0 4.75388e-11
46.4808 0 4.36876e-11
46.503 0 4.87299e-11
46.5251 0 4.37042e-11
46.5472 0 4.26289e-11
46.5694 0 4.26906e-11
46.5915 0 4.78422e-11
46.6137 0 4.2247e-11
46.6358 0 4.38548e-11
46.6579 0 4.73942e-11
46.6801 0 4.32226e-11
46.7022 0 4.26661e-11
46.7244 0 4.22632e-11
46.7465 0 4.54818e-11
46.7686 0 4.47496e-11
46.7908 0 4.15203e-11
46.8129 0 4.39769e-11
46.8351 0 4.42058e-11
46.8572 0 4.2376e-11
46.8793 0 3.91626e-11
46.9015 0 4.02129e-11
46.9236 0 3.65235e-11
46.9457 0 3.84006e-11
46.9679 0 3.97027e-11
46.99 0 3.98191e-11
47.0122 0 3.97187e-11
47.0343 0 3.66585e-11
47.0564 0 3.80985e-11
47.0786 0 3.97125e-11
47.1007 0 3.75215e-11
47.1229 0 4.10235e-11
47.145 0 3.48413e-11
47.1671 0 3.84023e-11
47.1893 0 3.74452e-11
47.2114 0 3.72854e-11
47.2336 0 3.64966e-11
47.2557 0 3.99581e-11
47.2778 0 3.52383e-11
47.3 0 3.67323e-11
47.3221 0 3.53343e-11
47.3442 0 3.47046e-11
47.3664 0 3.70297e-11
47.3885 0 3.30256e-11
47.4107 0 3.33146e-11
47.4328 0 3.43453e-11
47.4549 0 3.4147e-11
47.4771 0 3.76362e-11
47.4992 0 3.65456e-11
47.5214 0 3.3107e-11
47.5435 0 3.30811e-11
47.5656 0 3.20086e-11
47.5878 0 3.23035e-11
47.6099 0 3.32958e-11
47.6321 0 3.49008e-11
47.6542 0 3.57134e-11
47.6763 0 3.428e-11
47.6985 0 3.18193e-11
47.7206 0 3.20405e-11
47.7428 0 3.24325e-11
47.7649 0 3.08937e-11
47.787 0 3.26753e-11
47.8092 0 3.09996e-11
47.8313 0 3.09646e-11
47.8534 0 3.1339e-11
47.8756 0 3.05267e-11
47.8977 0 2.8371e-11
47.9199 0 2.80704e-11
47.942 0 3.05804e-11
47.9641 0 3.20368e-11
47.9863 0 2.93547e-11
48.0084 0 2.97099e-11
48.0306 0 2.82746e-11
48.0527 0 2.87356e-11
48.0748 0 2.96172e-11
48.097 0 2.85431e-11
48.1191 0 2.88962e-11
48.1413 0 2.6747e-11
48.1634 0 2.91364e-11
48.1855 0 2.91758e-11
48.2077 0 2.63719e-11
48.2298 0 2.86656e-11
48.2519 0 2.73334e-11
48.2741 0 2.52357e-11
48.2962 0 2.85292e-11
48.3184 0 2.69756e-11
48.3405 0 2.65574e-11
48.3626 0 2.4589e-11
48.3848 0 2.57403e-11
48.4069 0 2.51905e-11
48.4291 0 2.62849e-11
48.4512 0 2.53927e-11
48.4733 0 2.20514e-11
48.4955 0 2.46564e-11
48.5176 0 2.5552e-11
48.5398 0 2.47088e-11
48.5619 0 2.40577e-11
48.584 0 2.42116e-11
48.6062 0 2.40468e-11
48.6283 0 2.25789e-11
48.6505 0 2.20594e-11
48.6726 0 2.19729e-11
48.6947 0 2.121e-11
48.7169 0 2.3033e-11
48.739 0 2.26733e-11
48.7611 0 2.28997e-11
48.7833 0 2.14469e-11
48.8054 0 2.22651e-11
48.8276 0 2.52688e-11
48.8497 0 2.02391e-11
48.8718 0 2.15644e-11
48.894 0 2.03769e-11
48.9161 0 2.07098e-11
48.9383 0 2.25608e-11
48.9604 0 2.51678e-11
48.9825 0 2.01688e-11
49.0047 0 1.85725e-11
49.0268 0 2.10784e-11
49.049 0 2.11536e-11
49.0711 0 1.90465e-11
49.0932 0 1.97047e-11
49.1154 0 1.98626e-11
49.1375 0 2.07227e-11
49.1596 0 1.8375e-11
49.1818 0 1.92237e-11
49.2039 0 2.06007e-11
49.2261 0 1.97323e-11
49.2482 0 1.94415e-11
49.2703 0 1.9625e-11
49.2925 0 1.87825e-11
49.3146 0 1.99792e-11
49.3368 0 2.05605e-11
49.3589 0 2.09786e-11
49.381 0 1.89808e-11
49.4032 0 1.80582e-11
49.4253 0 1.75301e-11
49.4475 0 2.02643e-11
49.4696 0 1.74741e-11
49.4917 0 1.83085e-11
49.5139 0 1.69105e-11
49.536 0 1.77028e-11
49.5581 0 1.85826e-11
49.5803 0 1.75498e-11
49.6024 0 1.76809e-11
49.6246 0 1.8205e-11
49.6467 0 1.75426e-11
49.6688 0 1.71015e-11
49.691 0 1.66635e-11
49.7131 0 1.84351e-11
49.7353 0 1.5796e-11
49.7574 0 1.53223e-11
49.7795 0 1.46557e-11
49.8017 0 1.73785e-11
49.8238 0 1.56751e-11
49.846 0 1.57242e-11
49.8681 0 1.58861e-11
49.8902 0 1.68119e-11
49.9124 0 1.73336e-11
49.9345 0 1.54219e-11
49.9567 0 1.70814e-11
49.9788 0 1.49503e-11
50.0009 0 1.5895e-11
50.0231 0 1.57271e-11
50.0452 0 1.56142e-11
50.0673 0 1.51978e-11
50.0895 0 1.56325e-11
50.1116 0 1.50386e-11
50.1338 0 1.41975e-11
50.1559 0 1.53849e-11
50.178 0 1.55273e-11
50.2002 0 1.41243e-11
50.2223 0 1.46315e-11
50.2445 0 1.26146e-11
50.2666 0 1.37181e-11
50.2887 0 1.48638e-11
50.3109 0 1.46368e-11
50.333 0 1.30609e-11
50.3552 0 1.4533e-11
50.3773 0 1.38129e-11
50.3994 0 1.30957e-11
50.4216 0 1.33121e-11
50.4437 0 1.36385e-11
50.4658 0 1.44984e-11
50.488 0 1.34224e-11
50.5101 0 1.21498e-11
50.5323 0 1.18098e-11
50.5544 0 1.22764e-11
50.5765 0 1.31141e-11
50.5987 0 1.27517e-11
50.6208 0 1.332e-11
50.643 0 1.25808e-11
50.6651 0 1.3071e-11
50.6872 0 1.26574e-11
50.7094 0 1.19332e-11
50.7315 0 1.24224e-11
50.7537 0 1.08213e-11
50.7758 0 1.1821e-11
50.7979 0 1.15809e-11
50.8201 0 1.06161e-11
50.8422 0 1.2655e-11
50.8644 0 1.28194e-11
50.8865 0 1.18913e-11
50.9086 0 1.17233e-11
50.9308 0 1.25234e-11
50.9529 0 1.1403e-11
50.975 0 1.08019e-11
50.9972 0 1.18191e-11
51.0193 0 1.09908e-11
51.0415 0 1.15472e-11
51.0636 0 1.08171e-11
51.0857 0 1.10688e-11
51.1079 0 1.13553e-11
51.13 0 1.00827e-11
51.1522 0 9.69423e-12
51.1743 0 1.1367e-11
51.1964 0 9.92256e-12
51.2186 0 1.04263e-11
51.2407 0 1.067e-11
51.2629 0 1.01599e-11
51.285 0 9.74069e-12
51.3071 0 1.04877e-11
51.3293 0 1.02129e-11
51.3514 0 1.12908e-11
51.3735 0 1.02846e-11
51.3957 0 9.94745e-12
51.4178 0 9.5361e-12
51.44 0 9.45985e-12
51.4621 0 9.38367e-12
51.4842 0 8.39048e-12
51.5064 0 9.02786e-12
51.5285 0 9.1554e-12
51.5507 0 1.03217e-11
51.5728 0 9.85918e-12
51.5949 0 8.53815e-12
51.6171 0 9.2043e-12
51.6392 0 8.76285e-12
51.6614 0 8.86199e-12
51.6835 0 9.10074e-12
51.7056 0 8.73609e-12
51.7278 0 8.38915e-12
51.7499 0 8.78663e-12
51.772 0 9.32799e-12
51.7942 0 9.44721e-12
51.8163 0 8.33988e-12
51.8385 0 9.07473e-12
51.8606 0 8.15347e-12
51.8827 0 8.11826e-12
51.9049 0 8.39e-12
51.927 0 8.33568e-12
51.9492 0 8.60733e-12
51.9713 0 7.63754e-12
51.9934 0 8.97131e-12
52.0156 0 7.53969e-12
52.0377 0 8.11643e-12
52.0599 0 7.5016e-12
52.082 0 8.40497e-12
52.1041 0 7.86994e-12
52.1263 0 8.19584e-12
52.1484 0 7.35144e-12
52.1706 0 8.44223e-12
52.1927 0 7.92835e-12
52.2148 0 7.59468e-12
52.237 0 8.062e-12
52.2591 0 8.34266e-12
52.2812 0 8.15666e-12
52.3034 0 7.68203e-12
52.3255 0 7.32092e-12
52.3477 0 7.19909e-12
52.3698 0 7.61066e-12
52.3919 0 8.3771e-12
52.4141 0 6.82679e-12
52.4362 0 6.36374e-12
52.4584 0 6.77955e-12
52.4805 0 6.69683e-12
52.5026 0 7.73446e-12
52.5248 0 6.96589e-12
52.5469 0 6.96666e-12
52.5691 0 6.82562e-12
52.5912 0 6.86719e-12
52.6133 0 6.22598e-12
52.6355 0 6.66691e-12
52.6576 0 6.90317e-12
52.6797 0 6.36778e-12
52.7019 0 6.61266e-12
52.724 0 6.29164e-12
52.7462 0 6.81789e-12
52.7683 0 6.22783e-12
52.7904 0 5.92408e-12
52.8126 0 6.14179e-12
52.8347 0 6.31369e-12
52.8569 0 6.28941e-12
52.879 0 5.81052e-12
52.9011 0 6.18344e-12
52.9233 0 6.11524e-12
52.9454 0 5.82446e-12
52.9676 0 6.16195e-12
52.9897 0 6.36524e-12
53.0118 0 5.44484e-12
53.034 0 6.47463e-12
53.0561 0 5.64103e-12
53.0783 0 6.12307e-12
53.1004 0 5.34821e-12
53.1225 0 6.33569e-12
53.1447 0 5.29397e-12
53.1668 0 5.09466e-12
53.1889 0 5.61763e-12
53.2111 0 5.79991e-12
53.2332 0 5.31778e-12
53.2554 0 5.42435e-12
53.2775 0 5.41464e-12
53.2996 0 5.26205e-12
53.3218 0 5.68353e-12
53.3439 0 5.13425e-12
53.3661 0 5.16699e-12
53.3882 0 5.17762e-12
53.4103 0 5.46555e-12
53.4325 0 5.16701e-12
53.4546 0 4.57497e-12
53.4768 0 5.14606e-12
53.4989 0 4.6311e-12
53.521 0 4.86432e-12
53.5432 0 4.9939e-12
53.5653 0 5.09159e-12
53.5874 0 4.58668e-12
53.6096 0 5.20832e-12
53.6317 0 5.07976e-12
53.6539 0 4.62915e-12
53.676 0 5.16758e-12
53.6981 0 4.31858e-12
53.7203 0 4.46957e-12
53.7424 0 4.2844e-12
53.7646 0 4.738e-12
53.7867 0 5.07361e-12
53.8088 0 4.93799e-12
53.831 0 4.59381e-12
53.8531 0 4.73338e-12
53.8753 0 4.33489e-12
53.8974 0 4.32627e-12
53.9195 0 4.25541e-12
53.9417 0 4.06377e-12
53.9638 0 4.61875e-12
53.9859 0 4.45054e-12
54.0081 0 4.26462e-12
54.0302 0 4.5263e-12
54.0524 0 4.44663e-12
54.0745 0 4.13913e-12
54.0966 0 4.36819e-12
54.1188 0 4.17647e-12
54.1409 0 4.29326e-12
54.1631 0 3.99942e-12
54.1852 0 3.87439e-12
54.2073 0 4.03162e-12
54.2295 0 4.01265e-12
54.2516 0 3.88526e-12
54.2738 0 4.01906e-12
54.2959 0 3.70729e-12
54.318 0 3.65413e-12
54.3402 0 3.98638e-12
54.3623 0 3.70901e-12
54.3845 0 4.29014e-12
54.4066 0 3.81197e-12
54.4287 0 3.92392e-12
54.4509 0 3.64811e-12
54.473 0 3.32027e-12
54.4951 0 3.90731e-12
54.5173 0 3.78031e-12
54.5394 0 3.70612e-12
54.5616 0 3.31826e-12
54.5837 0 3.41067e-12
54.6058 0 3.69633e-12
54.628 0 3.67359e-12
54.6501 0 3.74876e-12
54.6723 0 3.70408e-12
54.6944 0 3.33116e-12
54.7165 0 3.50087e-12
54.7387 0 3.43868e-12
54.7608 0 3.26325e-12
54.783 0 3.39116e-12
54.8051 0 3.52878e-12
54.8272 0 3.48671e-12
54.8494 0 3.52377e-12
54.8715 0 3.73334e-12
54.8936 0 3.39058e-12
54.9158 0 3.20117e-12
54.9379 0 3.20982e-12
54.9601 0 3.36506e-12
54.9822 0 3.13539e-12
55.0043 0 3.1075e-12
55.0265 0 3.47465e-12
55.0486 0 2.95466e-12
55.0708 0 3.02332e-12
55.0929 0 2.99608e-12
55.115 0 2.85887e-12
55.1372 0 2.61148e-12
55.1593 0 3.18968e-12
55.1815 0 2.64342e-12
55.2036 0 2.87445e-12
55.2257 0 2.64408e-12
55.2479 0 2.99467e-12
55.27 0 2.98146e-12
55.2922 0 2.89429e-12
55.3143 0 2.67789e-12
55.3364 0 2.52925e-12
55.3586 0 3.0285e-12
55.3807 0 2.70888e-12
55.4028 0 2.75457e-12
55.425 0 2.63779e-12
55.4471 0 2.69328e-12
55.4693 0 2.32727e-12
55.4914 0 2.94556e-12
55.5135 0 2.69005e-12
55.5357 0 2.91227e-12
55.5578 0 2.67981e-12
55.58 0 2.5093e-12
55.6021 0 2.8466e-12
55.6242 0 2.53619e-12
55.6464 0 2.83435e-12
55.6685 0 2.6155e-12
55.6907 0 2.30527e-12
55.7128 0 2.39906e-12
55.7349 0 2.25497e-12
55.7571 0 2.33245e-12
55.7792 0 2.59691e-12
55.8013 0 2.48111e-12
55.8235 0 2.68867e-12
55.8456 0 2.41829e-12
55.8678 0 2.17533e-12
55.8899 0 2.23798e-12
55.912 0 2.4196e-12
55.9342 0 2.28485e-12
55.9563 0 2.49106e-12
55.9785 0 2.37945e-12
56.0006 0 2.5047e-12
56.0227 0 2.56248e-12
56.0449 0 2.30961e-12
56.067 0 2.40479e-12
56.0892 0 2.13308e-12
56.1113 0 2.38537e-12
56.1334 0 2.07037e-12
56.1556 0 2.19565e-12
56.1777 0 1.98646e-12
56.1998 0 2.27085e-12
56.222 0 2.22809e-12
56.2441 0 1.87602e-12
56.2663 0 2.09919e-12
56.2884 0 2.25593e-12
56.3105 0 1.96932e-12
56.3327 0 2.20088e-12
56.3548 0 2.21766e-12
56.377 0 1.97599e-12
56.3991 0 2.03068e-12
56.4212 0 2.03726e-12
56.4434 0 1.95585e-12
56.4655 0 2.05447e-12
56.4877 0 2.24829e-12
56.5098 0 1.91953e-12
56.5319 0 1.74371e-12
56.5541 0 1.86673e-12
56.5762 0 2.06103e-12
56.5984 0 1.98657e-12
56.6205 0 2.00732e-12
56.6426 0 1.7608e-12
56.6648 0 1.84241e-12
56.6869 0 1.83744e-12
56.709 0 1.872e-12
56.7312 0 2.01627e-12
56.7533 0 1.80828e-12
56.7755 0 1.85717e-12
56.7976 0 1.7586e-12
56.8197 0 2.05556e-12
56.8419 0 1.69821e-12
56.864 0 1.80957e-12
56.8862 0 1.67118e-12
56.9083 0 1.71018e-12
56.9304 0 1.72205e-12
56.9526 0 1.80892e-12
56.9747 0 1.69505e-12
56.9969 0 1.69015e-12
57.019 0 1.6581e-12
57.0411 0 1.76253e-12
57.0633 0 1.68002e-12
57.0854 0 1.6581e-12
57.1075 0 1.50972e-12
57.1297 0 1.63809e-12
57.1518 0 1.64447e-12
57.174 0 1.48849e-12
57.1961 0 1.63931e-12
57.2182 0 1.48863e-12
57.2404 0 1.59472e-12
57.2625 0 1.6072e-12
57.2847 0 1.4723e-12
57.3068 0 1.57041e-12
57.3289 0 1.45328e-12
57.3511 0 1.5738e-12
57.3732 0 1.29166e-12
57.3954 0 1.43304e-12
57.4175 0 1.7386e-12
57.4396 0 1.45058e-12
57.4618 0 1.43138e-12
57.4839 0 1.43952e-12
57.5061 0 1.39453e-12
57.5282 0 1.41099e-12
57.5503 0 1.48888e-12
57.5725 0 1.16626e-12
57.5946 0 1.41098e-12
57.6167 0 1.42815e-12
57.6389 0 1.41201e-12
57.661 0 1.30144e-12
57.6832 0 1.38384e-12
57.7053 0 1.38187e-12
57.7274 0 1.3232e-12
57.7496 0 1.3744e-12
57.7717 0 1.39611e-12
57.7939 0 1.30927e-12
57.816 0 1.21628e-12
57.8381 0 1.37516e-12
57.8603 0 1.21021e-12
57.8824 0 1.31985e-12
57.9046 0 1.28114e-12
57.9267 0 1.35251e-12
57.9488 0 1.26952e-12
57.971 0 1.20093e-12
57.9931 0 1.29246e-12
58.0152 0 1.27746e-12
58.0374 0 1.00327e-12
58.0595 0 1.26323e-12
58.0817 0 1.11383e-12
58.1038 0 1.20762e-12
58.1259 0 1.22336e-12
58.1481 0 1.15964e-12
58.1702 0 1.19122e-12
58.1924 0 1.06624e-12
58.2145 0 1.18366e-12
58.2366 0 1.08824e-12
58.2588 0 1.23481e-12
58.2809 0 1.17661e-12
58.3031 0 1.06546e-12
58.3252 0 1.12742e-12
58.3473 0 1.05644e-12
58.3695 0 1.0233e-12
58.3916 0 1.18937e-12
58.4137 0 1.08396e-12
58.4359 0 1.03304e-12
58.458 0 1.09596e-12
58.4802 0 1.04434e-12
58.5023 0 1.02366e-12
58.5244 0 9.44502e-13
58.5466 0 1.03862e-12
58.5687 0 1.08042e-12
58.5909 0 9.90006e-13
58.613 0 1.05456e-12
58.6351 0 1.02075e-12
58.6573 0 1.00386e-12
58.6794 0 9.67505e-13
58.7016 0 9.48329e-13
58.7237 0 9.46591e-13
58.7458 0 1.05777e-12
58.768 0 1.03794e-12
58.7901 0 9.94775e-13
58.8123 0 9.70881e-13
58.8344 0 9.55151e-13
58.8565 0 8.65167e-13
58.8787 0 9.1099e-13
58.9008 0 8.54124e-13
58.9229 0 8.87714e-13
58.9451 0 9.69009e-13
58.9672 0 8.6539e-13
58.9894 0 8.37799e-13
59.0115 0 8.65515e-13
59.0336 0 9.5693e-13
59.0558 0 8.58766e-13
59.0779 0 9.54705e-13
59.1001 0 8.84001e-13
59.1222 0 8.72206e-13
59.1443 0 7.84303e-13
59.1665 0 9.86592e-13
59.1886 0 8.59927e-13
59.2108 0 8.22599e-13
59.2329 0 8.6438e-13
59.255 0 8.44578e-13
59.2772 0 8.34294e-13
59.2993 0 8.95672e-13
59.3214 0 7.84936e-13
59.3436 0 8.25523e-13
59.3657 0 8.11962e-13
59.3879 0 8.31758e-13
59.41 0 7.11977e-13
59.4321 0 8.1146e-13
59.4543 0 7.23691e-13
59.4764 0 7.29124e-13
59.4986 0 7.06144e-13
59.5207 0 7.55465e-13
59.5428 0 8.17294e-13
59.565 0 8.02288e-13
59.5871 0 7.6209e-13
59.6093 0 7.82353e-13
59.6314 0 7.11297e-13
59.6535 0 6.39509e-13
59.6757 0 7.51438e-13
59.6978 0 6.83475e-13
59.7199 0 7.07103e-13
59.7421 0 7.18453e-13
59.7642 0 7.0069e-13
59.7864 0 7.20803e-13
59.8085 0 7.175e-13
59.8306 0 6.57171e-13
59.8528 0 6.73196e-13
59.8749 0 6.44749e-13
59.8971 0 7.05767e-13
59.9192 0 6.32363e-13
59.9413 0 6.85756e-13
59.9635 0 7.31078e-13
59.9856 0 6.88113e-13
60.0078 0 6.71468e-13
60.0299 0 5.72531e-13
60.052 0 5.88282e-13
60.0742 0 6.63513e-13
60.0963 0 6.27085e-13
60.1185 0 6.11351e-13
60.1406 0 6.5799e-13
60.1627 0 5.93124e-13
60.1849 0 5.68704e-13
60.207 0 6.34311e-13
60.2291 0 6.31276e-13
60.2513 0 5.68169e-13
60.2734 0 6.12784e-13
60.2956 0 5.22668e-13
60.3177 0 5.49716e-13
60.3398 0 6.19805e-13
60.362 0 6.11575e-13
60.3841 0 5.39981e-13
60.4063 0 5.87648e-13
60.4284 0 6.05506e-13
60.4505 0 6.09242e-13
60.4727 0 5.64949e-13
60.4948 0 5.47827e-13
60.517 0 5.50655e-13
60.5391 0 6.32724e-13
60.5612 0 5.34018e-13
60.5834 0 6.03461e-13
60.6055 0 5.48183e-13
60.6276 0 4.94025e-13
60.6498 0 5.29426e-13
60.6719 0 5.69492e-13
60.6941 0 5.7193e-13
60.7162 0 4.8403e-13
60.7383 0 5.79801e-13
60.7605 0 5.14616e-13
60.7826 0 5.22303e-13
60.8048 0 5.04817e-13
60.8269 0 5.21553e-13
60.849 0 5.3666e-13
60.8712 0 4.98021e-13
60.8933 0 4.86545e-13
60.9155 0 4.70412e-13
60.9376 0 4.88866e-13
60.9597 0 4.80235e-13
60.9819 0 4.53716e-13
61.004 0 4.67632e-13
61.0262 0 4.79559e-13
61.0483 0 4.24885e-13
61.0704 0 4.54256e-13
61.0926 0 4.43459e-13
61.1147 0 4.31979e-13
61.1368 0 4.86529e-13
61.159 0 3.95654e-13
61.1811 0 3.84121e-13
61.2033 0 4.43054e-13
61.2254 0 4.24195e-13
61.2475 0 4.44764e-13
61.2697 0 4.2321e-13
61.2918 0 4.36287e-13
61.314 0 4.04762e-13
61.3361 0 4.17971e-13
61.3582 0 3.88734e-13
61.3804 0 4.05457e-13
61.4025 0 3.91097e-13
61.4247 0 3.85843e-13
61.4468 0 4.0572e-13
61.4689 0 3.89727e-13
61.4911 0 4.6241e-13
61.5132 0 3.81133e-13
61.5353 0 4.7007e-13
61.5575 0 4.203e-13
61.5796 0 3.82038e-13
61.6018 0 4.30131e-13
61.6239 0 4.3067e-13
61.646 0 3.89834e-13
61.6682 0 4.17053e-13
61.6903 0 3.60852e-13
61.7125 0 4.29673e-13
61.7346 0 3.98169e-13
61.7567 0 3.8373e-13
61.7789 0 4.05685e-13
61.801 0 3.54685e-13
61.8232 0 3.51819e-13
61.8453 0 3.43634e-13
61.8674 0 3.93088e-13
61.8896 0 3.46348e-13
61.9117 0 3.6293e-13
61.9338 0 3.63866e-13
61.956 0 3.48718e-13
61.9781 0 3.41985e-13
62.0003 0 3.44735e-13
62.0224 0 3.3779e-13
62.0445 0 3.33345e-13
62.0667 0 3.72913e-13
62.0888 0 3.13588e-13
62.111 0 3.19248e-13
62.1331 0 3.47582e-13
62.1552 0 3.51365e-13
62.1774 0 2.82889e-13
62.1995 0 3.30892e-13
62.2217 0 3.07621e-13
62.2438 0 2.91221e-13
62.2659 0 3.00737e-13
62.2881 0 3.18729e-13
62.3102 0 3.20654e-13
62.3324 0 3.15783e-13
62.3545 0 2.98443e-13
62.3766 0 3.13841e-13
62.3988 0 3.16238e-13
62.4209 0 3.29379e-13
62.443 0 3.13458e-13
62.4652 0 2.79872e-13
62.4873 0 2.91564e-13
62.5095 0 3.03017e-13
62.5316 0 2.74834e-13
62.5537 0 2.42294e-13
62.5759 0 2.8884e-13
62.598 0 3.22041e-13
62.6202 0 2.36188e-13
62.6423 0 2.72234e-13
62.6644 0 3.01188e-13
62.6866 0 2.70064e-13
62.7087 0 2.88391e-13
62.7309 0 2.78112e-13
62.753 0 2.59795e-13
62.7751 0 2.99112e-13
62.7973 0 2.57134e-13
62.8194 0 2.9661e-13
62.8415 0 2.67477e-13
62.8637 0 2.3786e-13
62.8858 0 2.44502e-13
62.908 0 2.62493e-13
62.9301 0 2.48151e-13
62.9522 0 2.2629e-13
62.9744 0 2.37864e-13
62.9965 0 2.62347e-13
63.0187 0 2.54718e-13
63.0408 0 2.31192e-13
63.0629 0 2.51969e-13
63.0851 0 2.75373e-13
63.1072 0 2.50319e-13
63.1294 0 2.58872e-13
63.1515 0 2.58487e-13
63.1736 0 2.2886e-13
63.1958 0 2.25996e-13
63.2179 0 2.62312e-13
63.2401 0 2.22281e-13
63.2622 0 2.24229e-13
63.2843 0 2.32592e-13
63.3065 0 2.12406e-13
63.3286 0 2.25917e-13
63.3507 0 2.38907e-13
63.3729 0 2.34403e-13
63.395 0 2.20061e-13
63.4172 0 2.29777e-13
63.4393 0 2.30861e-13
63.4614 0 2.01979e-13
63.4836 0 1.98415e-13
63.5057 0 2.20264e-13
63.5279 0 1.88369e-13
63.55 0 2.02493e-13
63.5721 0 2.19685e-13
63.5943 0 2.02667e-13
63.6164 0 1.91321e-13
63.6386 0 2.11429e-13
63.6607 0 2.08509e-13
63.6828 0 2.15089e-13
63.705 0 2.06997e-13
63.7271 0 2.25319e-13
63.7492 0 2.09353e-13
63.7714 0 1.82617e-13
63.7935 0 2.05489e-13
63.8157 0 1.80948e-13
63.8378 0 1.95066e-13
63.8599 0 2.11355e-13
63.8821 0 1.84601e-13
63.9042 0 1.86753e-13
63.9264 0 1.83105e-13
63.9485 0 1.69017e-13
63.9706 0 1.81221e-13
63.9928 0 1.9706e-13
64.0149 0 1.96033e-13
64.0371 0 1.81678e-13
64.0592 0 1.89451e-13
64.0813 0 1.93136e-13
64.1035 0 1.80225e-13
64.1256 0 1.85959e-13
64.1477 0 1.68764e-13
64.1699 0 1.81124e-13
64.192 0 1.75823e-13
64.2142 0 1.72417e-13
64.2363 0 1.70625e-13
64.2584 0 1.68271e-13
64.2806 0 1.44369e-13
64.3027 0 1.76773e-13
64.3249 0 1.66952e-13
64.347 0 1.49714e-13
64.3691 0 1.61873e-13
64.3913 0 1.7058e-13
64.4134 0 1.56255e-13
64.4356 0 1.62835e-13
64.4577 0 1.62605e-13
64.4798 0 1.57683e-13
64.502 0 1.82941e-13
64.5241 0 1.66322e-13
64.5463 0 1.56532e-13
64.5684 0 1.39344e-13
64.5905 0 1.45369e-13
64.6127 0 1.51806e-13
64.6348 0 1.59204e-13
64.6569 0 1.5537e-13
64.6791 0 1.46361e-13
64.7012 0 1.2602e-13
64.7234 0 1.52981e-13
64.7455 0 1.44309e-13
64.7676 0 1.33239e-13
64.7898 0 1.55063e-13
64.8119 0 1.42778e-13
64.8341 0 1.52022e-13
64.8562 0 1.46925e-13
64.8783 0 1.36703e-13
64.9005 0 1.51701e-13
64.9226 0 1.31873e-13
64.9448 0 1.3294e-13
64.9669 0 1.30175e-13
64.989 0 1.17864e-13
65.0112 0 1.33595e-13
65.0333 0 1.37493e-13
65.0554 0 1.07598e-13
65.0776 0 1.31655e-13
65.0997 0 1.13687e-13
65.1219 0 1.10283e-13
65.144 0 1.37133e-13
65.1661 0 1.23356e-13
65.1883 0 1.40671e-13
65.2104 0 1.36474e-13
65.2326 0 1.0598e-13
65.2547 0 1.20807e-13
65.2768 0 1.36134e-13
65.299 0 1.2745e-13
65.3211 0 1.22954e-13
65.3433 0 1.21764e-13
65.3654 0 1.26436e-13
65.3875 0 1.14338e-13
65.4097 0 1.21447e-13
65.4318 0 1.12038e-13
65.454 0 1.19545e-13
65.4761 0 1.16897e-13
65.4982 0 1.20952e-13
65.5204 0 1.22379e-13
65.5425 0 1.0426e-13
65.5646 0 1.02471e-13
65.5868 0 1.25685e-13
65.6089 0 1.02134e-13
65.6311 0 1.24418e-13
65.6532 0 1.09381e-13
65.6753 0 1.15311e-13
65.6975 0 1.0281e-13
65.7196 0 1.12484e-13
65.7418 0 1.22122e-13
65.7639 0 9.9384e-14
65.786 0 1.08447e-13
65.8082 0 9.73302e-14
65.8303 0 9.00697e-14
65.8525 0 1.0143e-13
65.8746 0 9.25847e-14
65.8967 0 1.00722e-13
65.9189 0 9.26079e-14
65.941 0 1.0096e-13
65.9631 0 9.6357e-14
65.9853 0 9.33621e-14
66.0074 0 1.01135e-13
66.0296 0 1.03371e-13
66.0517 0 9.85387e-14
66.0738 0 1.015e-13
66.096 0 9.46628e-14
66.1181 0 9.53895e-14
66.1403 0 8.58124e-14
66.1624 0 9.4893e-14
66.1845 0 8.81669e-14
66.2067 0 8.94468e-14
66.2288 0 8.56656e-14
66.251 0 9.29054e-14
66.2731 0 8.94009e-14
66.2952 0 8.94649e-14
66.3174 0 9.37767e-14
66.3395 0 7.72248e-14
66.3616 0 8.57759e-14
66.3838 0 8.30574e-14
66.4059 0 9.61499e-14
66.4281 0 9.14675e-14
66.4502 0 8.41247e-14
66.4723 0 8.37063e-14
66.4945 0 8.3029e-14
66.5166 0 8.65749e-14
66.5388 0 7.54276e-14
66.5609 0 7.64729e-14
66.583 0 7.75092e-14
66.6052 0 8.53053e-14
66.6273 0 8.81039e-14
66.6495 0 9.48733e-14
66.6716 0 8.04141e-14
66.6937 0 7.9044e-14
66.7159 0 7.67092e-14
66.738 0 7.34883e-14
66.7602 0 8.56501e-14
66.7823 0 7.36538e-14
66.8044 0 7.71004e-14
66.8266 0 6.89145e-14
66.8487 0 7.07829e-14
66.8708 0 7.7771e-14
66.893 0 8.45097e-14
66.9151 0 7.49295e-14
66.9373 0 6.91425e-14
66.9594 0 7.9366e-14
66.9815 0 7.49264e-14
67.0037 0 7.05242e-14
67.0258 0 7.43028e-14
67.048 0 8.38801e-14
67.0701 0 6.52065e-14
67.0922 0 7.51493e-14
67.1144 0 6.99675e-14
67.1365 0 6.99539e-14
67.1587 0 6.35123e-14
67.1808 0 6.83219e-14
67.2029 0 6.95385e-14
67.2251 0 6.7088e-14
67.2472 0 6.71213e-14
67.2693 0 6.56864e-14
67.2915 0 6.22318e-14
67.3136 0 7.18148e-14
67.3358 0 5.97823e-14
67.3579 0 6.91707e-14
67.38 0 6.14254e-14
67.4022 0 5.3482e-14
67.4243 0 6.39862e-14
67.4465 0 6.02581e-14
67.4686 0 6.38208e-14
67.4907 0 6.10676e-14
67.5129 0 6.10419e-14
67.535 0 5.59871e-14
67.5572 0 5.44935e-14
67.5793 0 5.87323e-14
67.6014 0 5.75168e-14
67.6236 0 5.57562e-14
67.6457 0 5.58726e-14
67.6679 0 5.61169e-14
67.69 0 5.96756e-14
67.7121 0 5.78005e-14
67.7343 0 5.61989e-14
67.7564 0 5.28474e-14
67.7785 0 5.69044e-14
67.8007 0 5.09432e-14
67.8228 0 5.26689e-14
67.845 0 5.69618e-14
67.8671 0 5.92064e-14
67.8892 0 4.90348e-14
67.9114 0 5.6035e-14
67.9335 0 4.50862e-14
67.9557 0 5.00244e-14
67.9778 0 5.28563e-14
67.9999 0 5.01445e-14
68.0221 0 5.06589e-14
68.0442 0 5.48794e-14
68.0664 0 5.16453e-14
68.0885 0 5.28855e-14
68.1106 0 5.19301e-14
68.1328 0 5.14122e-14
68.1549 0 5.60522e-14
68.177 0 4.87957e-14
68.1992 0 4.84315e-14
68.2213 0 5.13836e-14
68.2435 0 4.43563e-14
68.2656 0 4.67116e-14
68.2877 0 4.85357e-14
68.3099 0 4.30547e-14
68.332 0 4.68566e-14
68.3542 0 4.7006e-14
68.3763 0 4.36803e-14
68.3984 0 4.6268e-14
68.4206 0 4.65204e-14
68.4427 0 4.06474e-14
68.4649 0 4.3234e-14
68.487 0 4.08979e-14
68.5091 0 4.51887e-14
68.5313 0 4.13287e-14
68.5534 0 4.32881e-14
68.5755 0 4.76861e-14
68.5977 0 4.30087e-14
68.6198 0 4.01791e-14
68.642 0 4.90596e-14
68.6641 0 5.07441e-14
68.6862 0 4.26336e-14
68.7084 0 4.72791e-14
68.7305 0 3.76814e-14
68.7527 0 3.56569e-14
68.7748 0 3.80472e-14
68.7969 0 4.04514e-14
68.8191 0 4.33668e-14
68.8412 0 3.9969e-14
68.8634 0 4.05315e-14
68.8855 0 3.93068e-14
68.9076 0 3.93817e-14
68.9298 0 3.6534e-14
68.9519 0 3.83185e-14
68.9741 0 3.62308e-14
68.9962 0 3.7475e-14
69.0183 0 3.65981e-14
69.0405 0 3.71831e-14
69.0626 0 3.28799e-14
69.0847 0 4.03368e-14
69.1069 0 3.4458e-14
69.129 0 3.24262e-14
69.1512 0 3.55437e-14
69.1733 0 3.37237e-14
69.1954 0 3.56419e-14
69.2176 0 3.44755e-14
69.2397 0 3.54766e-14
69.2619 0 3.38222e-14
69.284 0 3.6457e-14
69.3061 0 3.65745e-14
69.3283 0 3.27614e-14
69.3504 0 3.0649e-14
69.3726 0 3.45774e-14
69.3947 0 3.71974e-14
69.4168 0 3.66341e-14
69.439 0 3.38491e-14
69.4611 0 3.17524e-14
69.4832 0 2.97682e-14
69.5054 0 3.20915e-14
69.5275 0 3.0996e-14
69.5497 0 3.42444e-14
69.5718 0 3.11353e-14
69.5939 0 3.07049e-14
69.6161 0 2.84239e-14
69.6382 0 3.04991e-14
69.6604 0 3.05359e-14
69.6825 0 2.88365e-14
69.7046 0 3.45523e-14
69.7268 0 2.72137e-14
69.7489 0 3.04782e-14
69.7711 0 2.96527e-14
69.7932 0 3.55246e-14
69.8153 0 2.95848e-14
69.8375 0 3.08433e-14
69.8596 0 2.97821e-14
69.8818 0 2.82738e-14
69.9039 0 2.968e-14
69.926 0 2.40728e-14
69.9482 0 2.95245e-14
69.9703 0 2.75507e-14
69.9924 0 2.73146e-14
70.0146 0 2.93264e-14
70.0367 0 2.52138e-14
70.0589 0 2.62388e-14
70.081 0 2.70571e-14
70.1031 0 2.45371e-14
70.1253 0 2.50201e-14
70.1474 0 2.46542e-14
70.1696 0 2.68819e-14
70.1917 0 2.65683e-14
70.2138 0 2.55298e-14
70.236 0 2.54409e-14
70.2581 0 2.47542e-14
70.2803 0 2.44436e-14
70.3024 0 2.81753e-14
70.3245 0 2.35857e-14
70.3467 0 2.44856e-14
70.3688 0 2.48071e-14
70.3909 0 2.80728e-14
70.4131 0 2.55153e-14
70.4352 0 2.34274e-14
70.4574 0 2.42572e-14
70.4795 0 2.50768e-14
70.5016 0 2.35256e-14
70.5238 0 2.3688e-14
70.5459 0 2.24498e-14
70.5681 0 2.43513e-14
70.5902 0 2.48157e-14
70.6123 0 2.24605e-14
70.6345 0 2.39232e-14
70.6566 0 2.34255e-14
70.6788 0 2.10541e-14
70.7009 0 2.2117e-14
70.723 0 2.22667e-14
70.7452 0 2.16295e-14
70.7673 0 1.98959e-14
70.7894 0 1.91747e-14
70.8116 0 2.13714e-14
70.8337 0 2.03489e-14
70.8559 0 2.00677e-14
70.878 0 2.06592e-14
70.9001 0 2.08221e-14
70.9223 0 1.90468e-14
70.9444 0 2.16385e-14
70.9666 0 2.12965e-14
70.9887 0 2.06953e-14
71.0108 0 2.02077e-14
71.033 0 1.90977e-14
71.0551 0 2.06226e-14
71.0773 0 1.92403e-14
71.0994 0 2.00228e-14
71.1215 0 1.94404e-14
71.1437 0 2.15696e-14
71.1658 0 1.75429e-14
71.188 0 1.75484e-14
71.2101 0 1.96238e-14
71.2322 0 1.95941e-14
71.2544 0 1.91125e-14
71.2765 0 1.76087e-14
71.2986 0 2.01113e-14
71.3208 0 1.81386e-14
71.3429 0 1.87903e-14
71.3651 0 1.66151e-14
71.3872 0 2.12352e-14
71.4093 0 1.83493e-14
71.4315 0 1.81422e-14
71.4536 0 1.76629e-14
71.4758 0 1.77207e-14
71.4979 0 1.65003e-14
71.52 0 1.69329e-14
71.5422 0 1.57975e-14
71.5643 0 1.64727e-14
71.5865 0 1.50283e-14
71.6086 0 1.74751e-14
71.6307 0 1.79993e-14
71.6529 0 1.65469e-14
71.675 0 1.64481e-14
71.6971 0 1.56915e-14
71.7193 0 1.85585e-14
71.7414 0 1.52537e-14
71.7636 0 1.73647e-14
71.7857 0 1.63099e-14
71.8078 0 1.67867e-14
71.83 0 1.60098e-14
71.8521 0 1.53391e-14
71.8743 0 1.85172e-14
71.8964 0 1.49595e-14
71.9185 0 1.58953e-14
71.9407 0 1.47928e-14
71.9628 0 1.55302e-14
71.985 0 1.32431e-14
72.0071 0 1.30607e-14
72.0292 0 1.56138e-14
72.0514 0 1.29867e-14
72.0735 0 1.24939e-14
72.0957 0 1.26019e-14
72.1178 0 1.53102e-14
72.1399 0 1.36724e-14
72.1621 0 1.29345e-14
72.1842 0 1.30942e-14
72.2063 0 1.37844e-14
72.2285 0 1.318e-14
72.2506 0 1.2632e-14
72.2728 0 1.25702e-14
72.2949 0 1.05349e-14
72.317 0 1.10237e-14
72.3392 0 1.35045e-14
72.3613 0 1.32571e-14
72.3835 0 1.25782e-14
72.4056 0 1.37399e-14
72.4277 0 1.35762e-14
72.4499 0 1.22548e-14
72.472 0 1.35765e-14
72.4942 0 1.48724e-14
72.5163 0 1.20065e-14
72.5384 0 1.43376e-14
72.5606 0 1.36471e-14
72.5827 0 1.21914e-14
72.6048 0 1.27656e-14
72.627 0 1.22423e-14
72.6491 0 1.15749e-14
72.6713 0 1.25162e-14
72.6934 0 1.08574e-14
72.7155 0 1.119e-14
72.7377 0 1.17347e-14
72.7598 0 1.05441e-14
72.782 0 1.11016e-14
72.8041 0 1.2104e-14
72.8262 0 1.33481e-14
72.8484 0 1.12658e-14
72.8705 0 9.99431e-15
72.8927 0 1.08485e-14
72.9148 0 1.22177e-14
72.9369 0 1.13891e-14
72.9591 0 1.024e-14
72.9812 0 9.60112e-15
73.0033 0 9.69111e-15
73.0255 0 1.14106e-14
73.0476 0 1.15852e-14
73.0698 0 1.00135e-14
73.0919 0 1.06908e-14
73.114 0 1.01405e-14
73.1362 0 1.042e-14
73.1583 0 1.03163e-14
73.1805 0 9.71109e-15
73.2026 0 9.51076e-15
73.2247 0 9.69053e-15
73.2469 0 1.06322e-14
73.269 0 8.82739e-15
73.2912 0 1.0473e-14
73.3133 0 9.40791e-15
73.3354 0 8.22056e-15
73.3576 0 9.56072e-15
73.3797 0 9.75008e-15
73.4019 0 9.81043e-15
73.424 0 9.73324e-15
73.4461 0 9.20123e-15
73.4683 0 8.71454e-15
73.4904 0 7.86171e-15
73.5125 0 8.56474e-15
73.5347 0 9.52464e-15
73.5568 0 9.25401e-15
73.579 0 8.93538e-15
73.6011 0 9.6559e-15
73.6232 0 9.05576e-15
73.6454 0 8.05337e-15
73.6675 0 8.90424e-15
73.6897 0 9.21201e-15
73.7118 0 7.39361e-15
73.7339 0 8.28087e-15
73.7561 0 7.84073e-15
73.7782 0 7.99423e-15
73.8004 0 8.69978e-15
73.8225 0 8.19608e-15
73.8446 0 8.85418e-15
73.8668 0 8.35764e-15
73.8889 0 7.54616e-15
73.911 0 7.07633e-15
73.9332 0 8.02911e-15
73.9553 0 8.27084e-15
73.9775 0 1.0083e-14
73.9996 0 7.13394e-15
74.0217 0 9.61118e-15
74.0439 0 8.90088e-15
74.066 0 7.38956e-15
74.0882 0 8.06149e-15
74.1103 0 7.7182e-15
74.1324 0 8.38832e-15
74.1546 0 7.79212e-15
74.1767 0 7.43273e-15
74.1989 0 7.28657e-15
74.221 0 6.91934e-15
74.2431 0 6.07983e-15
74.2653 0 7.50092e-15
74.2874 0 6.20137e-15
74.3096 0 7.07966e-15
74.3317 0 6.25091e-15
74.3538 0 6.30232e-15
74.376 0 7.00974e-15
74.3981 0 6.40559e-15
74.4202 0 5.91441e-15
74.4424 0 5.56792e-15
74.4645 0 6.47255e-15
74.4867 0 6.48849e-15
74.5088 0 6.37646e-15
74.5309 0 6.52545e-15
74.5531 0 6.44041e-15
74.5752 0 6.47116e-15
74.5974 0 6.839e-15
74.6195 0 6.8363e-15
74.6416 0 6.71873e-15
74.6638 0 7.95382e-15
74.6859 0 5.71093e-15
74.7081 0 6.92467e-15
74.7302 0 6.54473e-15
74.7523 0 6.68022e-15
74.7745 0 6.60856e-15
74.7966 0 6.40515e-15
74.8187 0 6.03242e-15
74.8409 0 5.85194e-15
74.863 0 5.56601e-15
74.8852 0 6.10744e-15
74.9073 0 5.32912e-15
74.9294 0 5.58469e-15
74.9516 0 5.76888e-15
74.9737 0 6.21829e-15
74.9959 0 4.91276e-15
75.018 0 6.12429e-15
75.0401 0 5.08503e-15
75.0623 0 5.81432e-15
75.0844 0 5.13415e-15
75.1066 0 4.65796e-15
75.1287 0 6.01613e-15
75.1508 0 5.43861e-15
75.173 0 6.0467e-15
75.1951 0 4.83976e-15
75.2172 0 4.70783e-15
75.2394 0 5.51113e-15
75.2615 0 5.55966e-15
75.2837 0 4.76303e-15
75.3058 0 4.59035e-15
75.3279 0 4.75131e-15
75.3501 0 5.42631e-15
75.3722 0 5.20026e-15
75.3944 0 5.16771e-15
75.4165 0 5.43676e-15
75.4386 0 4.68165e-15
75.4608 0 5.0817e-15
75.4829 0 4.84379e-15
75.5051 0 5.16684e-15
75.5272 0 4.84699e-15
75.5493 0 4.42865e-15
75.5715 0 4.98326e-15
75.5936 0 4.11445e-15
75.6158 0 5.00408e-15
75.6379 0 4.36779e-15
75.66 0 4.85947e-15
75.6822 0 4.46521e-15
75.7043 0 4.11588e-15
75.7264 0 4.13387e-15
75.7486 0 4.59025e-15
75.7707 0 4.58174e-15
75.7929 0 4.18457e-15
75.815 0 4.00988e-15
75.8371 0 4.34465e-15
75.8593 0 4.46677e-15
75.8814 0 4.46417e-15
75.9036 0 3.95177e-15
75.9257 0 4.52084e-15
75.9478 0 4.57509e-15
75.97 0 4.2134e-15
75.9921 0 4.11653e-15
76.0143 0 4.01638e-15
76.0364 0 4.36225e-15
76.0585 0 4.03479e-15
76.0807 0 3.57029e-15
76.1028 0 4.10903e-15
76.1249 0 4.04137e-15
76.1471 0 4.12211e-15
76.1692 0 4.27186e-15
76.1914 0 3.86802e-15
76.2135 0 4.38987e-15
76.2356 0 3.98722e-15
76.2578 0 3.82924e-15
76.2799 0 3.28074e-15
76.3021 0 4.34288e-15
76.3242 0 3.73272e-15
76.3463 0 3.45495e-15
76.3685 0 3.35745e-15
76.3906 0 3.87379e-15
76.4128 0 3.2552e-15
76.4349 0 3.7072e-15
76.457 0 3.39755e-15
76.4792 0 3.67203e-15
76.5013 0 3.4955e-15
76.5235 0 3.57073e-15
76.5456 0 3.13576e-15
76.5677 0 3.60083e-15
76.5899 0 3.09892e-15
76.612 0 3.92741e-15
76.6341 0 3.42036e-15
76.6563 0 3.36721e-15
76.6784 0 3.63494e-15
76.7006 0 3.08097e-15
76.7227 0 3.45852e-15
76.7448 0 2.9613e-15
76.767 0 3.63145e-15
76.7891 0 2.81636e-15
76.8113 0 3.78575e-15
76.8334 0 3.18871e-15
76.8555 0 3.10178e-15
76.8777 0 3.58801e-15
76.8998 0 3.10077e-15
76.922 0 3.12776e-15
76.9441 0 2.90606e-15
76.9662 0 2.78453e-15
76.9884 0 3.07859e-15
77.0105 0 3.24924e-15
77.0326 0 2.7456e-15
77.0548 0 2.7094e-15
77.0769 0 3.19318e-15
77.0991 0 2.77326e-15
77.1212 0 2.85646e-15
77.1433 0 2.87438e-15
77.1655 0 2.58013e-15
77.1876 0 2.76077e-15
77.2098 0 2.62083e-15
77.2319 0 2.83349e-15
77.254 0 2.67426e-15
77.2762 0 2.42114e-15
77.2983 0 2.93319e-15
77.3205 0 2.57669e-15
77.3426 0 2.73622e-15
77.3647 0 2.40371e-15
77.3869 0 2.77571e-15
77.409 0 2.58268e-15
77.4311 0 2.57285e-15
77.4533 0 2.24782e-15
77.4754 0 2.68299e-15
77.4976 0 2.20328e-15
77.5197 0 2.5017e-15
77.5418 0 2.37528e-15
77.564 0 2.42963e-15
77.5861 0 2.72487e-15
77.6083 0 2.5076e-15
77.6304 0 2.48093e-15
77.6525 0 2.33668e-15
77.6747 0 2.20943e-15
77.6968 0 2.65843e-15
77.719 0 2.34203e-15
77.7411 0 2.25511e-15
77.7632 0 2.28126e-15
77.7854 0 2.46331e-15
77.8075 0 2.11155e-15
77.8297 0 2.35464e-15
77.8518 0 2.41291e-15
77.8739 0 2.48725e-15
77.8961 0 2.09133e-15
77.9182 0 2.19703e-15
77.9403 0 2.56142e-15
77.9625 0 2.16378e-15
77.9846 0 2.1972e-15
78.0068 0 2.26544e-15
78.0289 0 1.89754e-15
78.051 0 1.92319e-15
78.0732 0 2.19291e-15
78.0953 0 2.58039e-15
78.1175 0 2.07245e-15
78.1396 0 2.03005e-15
78.1617 0 1.85731e-15
78.1839 0 2.07832e-15
78.206 0 2.14778e-15
78.2282 0 1.89613e-15
78.2503 0 2.42908e-15
78.2724 0 1.875e-15
78.2946 0 1.93084e-15
78.3167 0 1.96945e-15
78.3388 0 1.94452e-15
78.361 0 1.82644e-15
78.3831 0 2.14096e-15
78.4053 0 1.97863e-15
78.4274 0 1.96322e-15
78.4495 0 2.08035e-15
78.4717 0 1.84253e-15
78.4938 0 1.88531e-15
78.516 0 1.71247e-15
78.5381 0 1.75388e-15
78.5602 0 1.70489e-15
78.5824 0 1.9049e-15
78.6045 0 1.91284e-15
78.6267 0 1.7085e-15
78.6488 0 1.74107e-15
78.6709 0 1.88122e-15
78.6931 0 1.68778e-15
78.7152 0 1.85997e-15
78.7374 0 1.94897e-15
78.7595 0 1.66856e-15
78.7816 0 1.72064e-15
78.8038 0 1.62469e-15
78.8259 0 1.73191e-15
78.848 0 1.8402e-15
78.8702 0 1.73559e-15
78.8923 0 1.8617e-15
78.9145 0 1.65097e-15
78.9366 0 1.66144e-15
78.9587 0 1.49255e-15
78.9809 0 1.40586e-15
79.003 0 1.56952e-15
79.0252 0 1.67202e-15
79.0473 0 1.74284e-15
79.0694 0 1.54705e-15
79.0916 0 1.52822e-15
79.1137 0 1.65032e-15
79.1359 0 1.5477e-15
79.158 0 1.72968e-15
79.1801 0 1.53632e-15
79.2023 0 1.47999e-15
79.2244 0 1.46836e-15
79.2465 0 1.61408e-15
79.2687 0 1.23082e-15
79.2908 0 1.42217e-15
79.313 0 1.48979e-15
79.3351 0 1.36422e-15
79.3572 0 1.39346e-15
79.3794 0 1.39938e-15
79.4015 0 1.53518e-15
79.4237 0 1.6927e-15
79.4458 0 1.23306e-15
79.4679 0 1.2711e-15
79.4901 0 1.37542e-15
79.5122 0 1.23981e-15
79.5344 0 1.64495e-15
79.5565 0 1.27156e-15
79.5786 0 1.22469e-15
79.6008 0 1.22956e-15
79.6229 0 1.15244e-15
79.645 0 1.34642e-15
79.6672 0 1.40094e-15
79.6893 0 1.41321e-15
79.7115 0 1.36473e-15
79.7336 0 1.3227e-15
79.7557 0 1.13774e-15
79.7779 0 1.31625e-15
79.8 0 1.22769e-15
79.8222 0 1.21661e-15
79.8443 0 1.1155e-15
79.8664 0 1.24049e-15
79.8886 0 1.06466e-15
79.9107 0 1.30989e-15
79.9329 0 1.40593e-15
79.955 0 1.15056e-15
79.9771 0 1.16958e-15
79.9993 0 1.24858e-15
80.0214 0 1.25697e-15
80.0436 0 1.22977e-15
80.0657 0 1.15993e-15
80.0878 0 1.18304e-15
80.11 0 1.17398e-15
80.1321 0 1.30785e-15
80.1542 0 1.12949e-15
80.1764 0 1.02949e-15
80.1985 0 1.11804e-15
80.2207 0 1.08572e-15
80.2428 0 1.09988e-15
80.2649 0 1.002e-15
80.2871 0 1.16637e-15
80.3092 0 1.18119e-15
80.3314 0 1.06482e-15
80.3535 0 9.41619e-16
80.3756 0 1.14251e-15
80.3978 0 1.04769e-15
80.4199 0 9.69218e-16
80.4421 0 1.12732e-15
80.4642 0 9.09869e-16
80.4863 0 1.06404e-15
80.5085 0 8.81992e-16
80.5306 0 9.89526e-16
80.5527 0 9.60382e-16
80.5749 0 9.67913e-16
80.597 0 1.00864e-15
80.6192 0 9.28195e-16
80.6413 0 9.72069e-16
80.6634 0 9.29802e-16
80.6856 0 9.44151e-16
80.7077 0 9.01695e-16
80.7299 0 8.31978e-16
80.752 0 8.76099e-16
80.7741 0 8.01404e-16
80.7963 0 9.35875e-16
80.8184 0 8.82584e-16
80.8406 0 1.03592e-15
80.8627 0 9.71731e-16
80.8848 0 7.98429e-16
80.907 0 9.80251e-16
80.9291 0 9.46339e-16
80.9513 0 8.54624e-16
80.9734 0 7.83226e-16
80.9955 0 8.14813e-16
81.0177 0 8.66624e-16
81.0398 0 8.16528e-16
81.0619 0 7.89696e-16
81.0841 0 7.02839e-16
81.1062 0 7.90623e-16
81.1284 0 8.61643e-16
81.1505 0 8.50809e-16
81.1726 0 7.43251e-16
81.1948 0 6.64023e-16
81.2169 0 7.23707e-16
81.2391 0 8.58746e-16
81.2612 0 7.54107e-16
81.2833 0 8.38624e-16
81.3055 0 7.96351e-16
81.3276 0 7.98814e-16
81.3498 0 7.19785e-16
81.3719 0 7.87488e-16
81.394 0 7.59278e-16
81.4162 0 6.31839e-16
81.4383 0 6.88988e-16
81.4604 0 7.28824e-16
81.4826 0 6.33637e-16
81.5047 0 6.76062e-16
81.5269 0 6.72217e-16
81.549 0 7.3369e-16
81.5711 0 7.14448e-16
81.5933 0 7.01926e-16
81.6154 0 5.74454e-16
81.6376 0 7.15504e-16
81.6597 0 7.49724e-16
81.6818 0 6.56318e-16
81.704 0 6.88147e-16
81.7261 0 6.8382e-16
81.7483 0 6.813e-16
81.7704 0 6.96521e-16
81.7925 0 7.44991e-16
81.8147 0 6.52008e-16
81.8368 0 6.74121e-16
81.8589 0 6.26386e-16
81.8811 0 6.2707e-16
81.9032 0 6.347e-16
81.9254 0 5.85838e-16
81.9475 0 6.0921e-16
81.9696 0 6.59446e-16
81.9918 0 5.81681e-16
82.0139 0 6.40606e-16
82.0361 0 5.7514e-16
82.0582 0 5.57145e-16
82.0803 0 6.65038e-16
82.1025 0 6.19164e-16
82.1246 0 5.59206e-16
82.1468 0 6.53566e-16
82.1689 0 6.86687e-16
82.191 0 6.76843e-16
82.2132 0 6.75421e-16
82.2353 0 5.81065e-16
82.2575 0 5.79876e-16
82.2796 0 5.94925e-16
82.3017 0 4.85428e-16
82.3239 0 5.23686e-16
82.346 0 6.3541e-16
82.3681 0 5.39053e-16
82.3903 0 5.5392e-16
82.4124 0 6.21894e-16
82.4346 0 5.80066e-16
82.4567 0 5.77147e-16
82.4788 0 5.38991e-16
82.501 0 5.63081e-16
82.5231 0 5.42911e-16
82.5453 0 5.16887e-16
82.5674 0 6.1405e-16
82.5895 0 4.92658e-16
82.6117 0 5.05023e-16
82.6338 0 4.71837e-16
82.656 0 4.77245e-16
82.6781 0 5.14697e-16
82.7002 0 4.87466e-16
82.7224 0 4.07785e-16
82.7445 0 5.69395e-16
82.7666 0 4.34893e-16
82.7888 0 5.61553e-16
82.8109 0 4.14904e-16
82.8331 0 4.25562e-16
82.8552 0 4.18621e-16
82.8773 0 4.3421e-16
82.8995 0 4.35325e-16
82.9216 0 4.83923e-16
82.9438 0 4.63679e-16
82.9659 0 4.79506e-16
82.988 0 4.47559e-16
83.0102 0 4.53503e-16
83.0323 0 3.99292e-16
83.0545 0 4.68546e-16
83.0766 0 4.10246e-16
83.0987 0 4.22059e-16
83.1209 0 3.11655e-16
83.143 0 4.31651e-16
83.1651 0 4.47969e-16
83.1873 0 3.85056e-16
83.2094 0 4.23667e-16
83.2316 0 4.46448e-16
83.2537 0 4.03078e-16
83.2758 0 4.35169e-16
83.298 0 3.87865e-16
83.3201 0 4.23872e-16
83.3423 0 4.37439e-16
83.3644 0 3.9761e-16
83.3865 0 4.13201e-16
83.4087 0 4.61714e-16
83.4308 0 4.69649e-16
83.453 0 4.08625e-16
83.4751 0 3.84212e-16
83.4972 0 4.42376e-16
83.5194 0 3.83171e-16
83.5415 0 3.4642e-16
83.5637 0 4.12402e-16
83.5858 0 3.37929e-16
83.6079 0 4.16077e-16
83.6301 0 3.58682e-16
83.6522 0 3.60928e-16
83.6743 0 4.0651e-16
83.6965 0 3.42714e-16
83.7186 0 3.88392e-16
83.7408 0 3.7803e-16
83.7629 0 3.64432e-16
83.785 0 3.10117e-16
83.8072 0 3.42463e-16
83.8293 0 3.46248e-16
83.8515 0 3.4732e-16
83.8736 0 3.52609e-16
83.8957 0 3.14328e-16
83.9179 0 3.24232e-16
83.94 0 3.25139e-16
83.9622 0 3.71132e-16
83.9843 0 3.46311e-16
84.0064 0 3.21627e-16
84.0286 0 3.34357e-16
84.0507 0 3.39753e-16
84.0728 0 2.99998e-16
84.095 0 3.10778e-16
84.1171 0 2.8081e-16
84.1393 0 2.76158e-16
84.1614 0 2.70737e-16
84.1835 0 3.2952e-16
84.2057 0 3.28899e-16
84.2278 0 2.6969e-16
84.25 0 2.90006e-16
84.2721 0 3.32432e-16
84.2942 0 2.62125e-16
84.3164 0 2.98022e-16
84.3385 0 2.87757e-16
84.3607 0 3.61399e-16
84.3828 0 2.72052e-16
84.4049 0 3.03533e-16
84.4271 0 2.83059e-16
84.4492 0 3.06495e-16
84.4714 0 2.98739e-16
84.4935 0 2.68707e-16
84.5156 0 2.70422e-16
84.5378 0 2.72475e-16
84.5599 0 3.26421e-16
84.582 0 2.79558e-16
84.6042 0 2.43775e-16
84.6263 0 2.35862e-16
84.6485 0 2.69634e-16
84.6706 0 2.61348e-16
84.6927 0 3.38729e-16
84.7149 0 2.77623e-16
84.737 0 2.69517e-16
84.7592 0 2.47073e-16
84.7813 0 2.43654e-16
84.8034 0 2.52705e-16
84.8256 0 2.51835e-16
84.8477 0 2.50191e-16
84.8699 0 2.41747e-16
84.892 0 2.33348e-16
84.9141 0 2.43836e-16
84.9363 0 2.34195e-16
84.9584 0 2.65851e-16
84.9805 0 2.1519e-16
85.0027 0 2.42554e-16
85.0248 0 2.45604e-16
85.047 0 2.53621e-16
85.0691 0 2.55394e-16
85.0912 0 2.39279e-16
85.1134 0 2.49723e-16
85.1355 0 2.07056e-16
85.1577 0 2.01849e-16
85.1798 0 2.28192e-16
85.2019 0 2.15898e-16
85.2241 0 2.07928e-16
85.2462 0 2.08814e-16
85.2684 0 2.20212e-16
85.2905 0 2.36986e-16
85.3126 0 2.18108e-16
85.3348 0 1.77812e-16
85.3569 0 2.56633e-16
85.379 0 1.90011e-16
85.4012 0 2.18451e-16
85.4233 0 2.07738e-16
85.4455 0 2.05972e-16
85.4676 0 2.05756e-16
85.4897 0 1.89975e-16
85.5119 0 1.66987e-16
85.534 0 2.04323e-16
85.5562 0 2.00348e-16
85.5783 0 2.19733e-16
85.6004 0 2.25464e-16
85.6226 0 1.70841e-16
85.6447 0 1.99108e-16
85.6669 0 1.80897e-16
85.689 0 1.87646e-16
85.7111 0 1.74829e-16
85.7333 0 2.08499e-16
85.7554 0 1.48521e-16
85.7776 0 1.8432e-16
85.7997 0 1.98095e-16
85.8218 0 2.06327e-16
85.844 0 1.87188e-16
85.8661 0 1.71846e-16
85.8882 0 2.03509e-16
85.9104 0 1.68099e-16
85.9325 0 1.66945e-16
85.9547 0 1.80105e-16
85.9768 0 1.68361e-16
85.9989 0 1.89156e-16
86.0211 0 1.70183e-16
86.0432 0 1.81795e-16
86.0654 0 1.69715e-16
86.0875 0 1.77465e-16
86.1096 0 1.58195e-16
86.1318 0 1.65993e-16
86.1539 0 1.56233e-16
86.1761 0 1.84649e-16
86.1982 0 1.40163e-16
86.2203 0 1.41974e-16
86.2425 0 1.59486e-16
86.2646 0 1.56918e-16
86.2867 0 1.60038e-16
86.3089 0 1.52269e-16
86.331 0 1.52507e-16
86.3532 0 1.57589e-16
86.3753 0 1.51874e-16
86.3974 0 1.61366e-16
86.4196 0 1.59837e-16
86.4417 0 1.62553e-16
86.4639 0 1.56246e-16
86.486 0 1.42437e-16
86.5081 0 1.28218e-16
86.5303 0 1.44976e-16
86.5524 0 1.40842e-16
86.5746 0 1.31011e-16
86.5967 0 1.48337e-16
86.6188 0 1.49284e-16
86.641 0 1.61372e-16
86.6631 0 1.35927e-16
86.6853 0 1.2707e-16
86.7074 0 1.37564e-16
86.7295 0 1.39464e-16
86.7517 0 1.53278e-16
86.7738 0 1.36575e-16
86.7959 0 1.37122e-16
86.8181 0 1.34253e-16
86.8402 0 1.27793e-16
86.8624 0 1.29537e-16
86.8845 0 1.38139e-16
86.9066 0 1.3278e-16
86.9288 0 1.56779e-16
86.9509 0 1.25236e-16
86.9731 0 1.25795e-16
86.9952 0 1.21524e-16
87.0173 0 1.44458e-16
87.0395 0 1.21981e-16
87.0616 0 1.62698e-16
87.0838 0 1.54939e-16
87.1059 0 1.29192e-16
87.128 0 1.13919e-16
87.1502 0 9.86915e-17
87.1723 0 1.18432e-16
87.1944 0 1.34998e-16
87.2166 0 1.20642e-16
87.2387 0 1.20843e-16
87.2609 0 1.26299e-16
87.283 0 1.27446e-16
87.3051 0 1.05714e-16
87.3273 0 9.6763e-17
87.3494 0 1.10609e-16
87.3716 0 1.0037e-16
87.3937 0 1.20995e-16
87.4158 0 9.95859e-17
87.438 0 1.19574e-16
87.4601 0 1.16222e-16
87.4823 0 1.09722e-16
87.5044 0 1.00876e-16
87.5265 0 1.00367e-16
87.5487 0 1.12787e-16
87.5708 0 1.04097e-16
87.5929 0 1.00021e-16
87.6151 0 1.09172e-16
87.6372 0 1.05428e-16
87.6594 0 9.55032e-17
87.6815 0 8.80849e-17
87.7036 0 9.14013e-17
87.7258 0 9.00001e-17
87.7479 0 9.949e-17
87.7701 0 1.16701e-16
87.7922 0 9.12634e-17
87.8143 0 1.05885e-16
87.8365 0 1.0579e-16
87.8586 0 9.01848e-17
87.8808 0 1.04863e-16
87.9029 0 9.271e-17
87.925 0 9.99951e-17
87.9472 0 1.03379e-16
87.9693 0 9.40644e-17
87.9915 0 9.90946e-17
88.0136 0 7.88454e-17
88.0357 0 7.91572e-17
88.0579 0 8.03942e-17
88.08 0 9.03238e-17
88.1021 0 7.9069e-17
88.1243 0 8.40156e-17
88.1464 0 8.4167e-17
88.1686 0 8.55157e-17
88.1907 0 9.23163e-17
88.2128 0 7.62576e-17
88.235 0 8.29839e-17
88.2571 0 7.62779e-17
88.2793 0 8.05557e-17
88.3014 0 7.99963e-17
88.3235 0 1.00144e-16
88.3457 0 8.20765e-17
88.3678 0 8.57452e-17
88.39 0 7.64895e-17
88.4121 0 8.60783e-17
88.4342 0 8.11807e-17
88.4564 0 8.56962e-17
88.4785 0 8.86093e-17
88.5006 0 7.45323e-17
88.5228 0 7.54057e-17
88.5449 0 7.83407e-17
88.5671 0 7.17324e-17
88.5892 0 7.5171e-17
88.6113 0 7.70702e-17
88.6335 0 7.31188e-17
88.6556 0 7.78804e-17
88.6778 0 8.03557e-17
88.6999 0 8.14879e-17
88.722 0 7.10208e-17
88.7442 0 6.82417e-17
88.7663 0 8.00064e-17
88.7885 0 6.53993e-17
88.8106 0 7.34801e-17
88.8327 0 7.69848e-17
88.8549 0 7.79331e-17
88.877 0 7.79626e-17
88.8992 0 7.39466e-17
88.9213 0 6.39379e-17
88.9434 0 6.23039e-17
88.9656 0 6.44817e-17
88.9877 0 6.49048e-17
89.0098 0 6.66673e-17
89.032 0 6.25495e-17
89.0541 0 6.7395e-17
89.0763 0 6.53026e-17
89.0984 0 6.80027e-17
89.1205 0 6.6729e-17
89.1427 0 6.64127e-17
89.1648 0 5.68859e-17
89.187 0 7.17679e-17
89.2091 0 5.60771e-17
89.2312 0 6.32773e-17
89.2534 0 6.58297e-17
89.2755 0 6.53143e-17
89.2977 0 6.37133e-17
89.3198 0 6.57833e-17
89.3419 0 6.03501e-17
89.3641 0 6.09479e-17
89.3862 0 5.44113e-17
89.4083 0 6.20642e-17
89.4305 0 5.89302e-17
89.4526 0 5.00252e-17
89.4748 0 5.31156e-17
89.4969 0 5.49207e-17
89.519 0 5.98091e-17
89.5412 0 5.45902e-17
89.5633 0 4.8558e-17
89.5855 0 5.11993e-17
89.6076 0 5.31289e-17
89.6297 0 6.02715e-17
89.6519 0 5.55584e-17
89.674 0 4.40067e-17
89.6962 0 5.78777e-17
89.7183 0 5.96383e-17
89.7404 0 5.61474e-17
89.7626 0 4.53083e-17
89.7847 0 5.859e-17
89.8068 0 5.03441e-17
89.829 0 5.25409e-17
89.8511 0 4.99006e-17
89.8733 0 5.23825e-17
89.8954 0 5.31306e-17
89.9175 0 4.99005e-17
89.9397 0 5.21864e-17
89.9618 0 4.75207e-17
89.984 0 5.10124e-17
90.0061 0 4.96028e-17
90.0282 0 5.07043e-17
90.0504 0 5.07724e-17
90.0725 0 4.5372e-17
90.0947 0 4.78246e-17
90.1168 0 4.67334e-17
90.1389 0 4.48425e-17
90.1611 0 5.08601e-17
90.1832 0 4.96472e-17
90.2054 0 4.93437e-17
90.2275 0 4.509e-17
90.2496 0 4.52953e-17
90.2718 0 4.49473e-17
90.2939 0 5.57636e-17
90.316 0 4.10293e-17
90.3382 0 4.33962e-17
90.3603 0 4.89657e-17
90.3825 0 4.31749e-17
90.4046 0 4.07043e-17
90.4267 0 4.28328e-17
90.4489 0 4.14403e-17
90.471 0 4.56052e-17
90.4932 0 3.48468e-17
90.5153 0 4.30175e-17
90.5374 0 3.88795e-17
90.5596 0 3.88843e-17
90.5817 0 3.28994e-17
90.6039 0 3.69186e-17
90.626 0 4.66104e-17
90.6481 0 3.83693e-17
90.6703 0 4.76081e-17
90.6924 0 4.08243e-17
90.7145 0 3.39033e-17
90.7367 0 3.89354e-17
90.7588 0 4.11023e-17
90.781 0 4.06762e-17
90.8031 0 3.62727e-17
90.8252 0 3.38451e-17
90.8474 0 3.87288e-17
90.8695 0 3.67787e-17
90.8917 0 3.46187e-17
90.9138 0 3.82466e-17
90.9359 0 3.80441e-17
90.9581 0 3.79119e-17
90.9802 0 3.37684e-17
91.0024 0 3.7476e-17
91.0245 0 3.48414e-17
91.0466 0 3.6724e-17
91.0688 0 3.59553e-17
91.0909 0 3.32176e-17
91.1131 0 3.7673e-17
91.1352 0 3.37765e-17
91.1573 0 3.74544e-17
91.1795 0 3.27422e-17
91.2016 0 3.30114e-17
91.2237 0 3.24889e-17
91.2459 0 2.92097e-17
91.268 0 3.06126e-17
91.2902 0 2.82081e-17
91.3123 0 3.48287e-17
91.3344 0 2.82195e-17
91.3566 0 3.26878e-17
91.3787 0 3.05333e-17
91.4009 0 2.99133e-17
91.423 0 2.99278e-17
91.4451 0 3.17161e-17
91.4673 0 3.40689e-17
91.4894 0 3.1094e-17
91.5116 0 4.09486e-17
91.5337 0 2.78663e-17
91.5558 0 3.10283e-17
91.578 0 3.19092e-17
91.6001 0 2.49145e-17
91.6222 0 2.93578e-17
91.6444 0 2.54508e-17
91.6665 0 2.81927e-17
91.6887 0 2.87194e-17
91.7108 0 2.84458e-17
91.7329 0 2.70388e-17
91.7551 0 2.75613e-17
91.7772 0 2.47456e-17
91.7994 0 2.82618e-17
91.8215 0 2.86501e-17
91.8436 0 2.61862e-17
91.8658 0 2.80506e-17
91.8879 0 2.54218e-17
91.9101 0 2.43573e-17
91.9322 0 2.688e-17
91.9543 0 2.9966e-17
91.9765 0 2.79489e-17
91.9986 0 2.62867e-17
92.0207 0 2.69841e-17
92.0429 0 2.27554e-17
92.065 0 2.24337e-17
92.0872 0 2.40502e-17
92.1093 0 2.58218e-17
92.1314 0 2.24807e-17
92.1536 0 2.07292e-17
92.1757 0 2.66013e-17
92.1979 0 2.43732e-17
92.22 0 2.55978e-17
92.2421 0 2.36377e-17
92.2643 0 2.89991e-17
92.2864 0 2.61787e-17
92.3086 0 2.33853e-17
92.3307 0 2.29763e-17
92.3528 0 2.73627e-17
92.375 0 2.26457e-17
92.3971 0 2.33639e-17
92.4193 0 2.60758e-17
92.4414 0 2.23814e-17
92.4635 0 2.29374e-17
92.4857 0 2.32717e-17
92.5078 0 2.27986e-17
92.5299 0 2.5825e-17
92.5521 0 2.23439e-17
92.5742 0 2.13954e-17
92.5964 0 2.20101e-17
92.6185 0 2.24247e-17
92.6406 0 2.19079e-17
92.6628 0 1.88519e-17
92.6849 0 2.33755e-17
92.7071 0 2.1977e-17
92.7292 0 2.25173e-17
92.7513 0 2.08492e-17
92.7735 0 2.16804e-17
92.7956 0 2.35026e-17
92.8178 0 2.02937e-17
92.8399 0 1.93842e-17
92.862 0 1.76898e-17
92.8842 0 1.89627e-17
92.9063 0 1.87509e-17
92.9284 0 2.01311e-17
92.9506 0 1.98182e-17
92.9727 0 2.00891e-17
92.9949 0 1.85281e-17
93.017 0 1.89914e-17
93.0391 0 1.67814e-17
93.0613 0 1.74126e-17
93.0834 0 1.86249e-17
93.1056 0 1.83752e-17
93.1277 0 1.84464e-17
93.1498 0 1.81253e-17
93.172 0 1.88508e-17
93.1941 0 1.67391e-17
93.2163 0 1.86657e-17
93.2384 0 1.59565e-17
93.2605 0 1.77262e-17
93.2827 0 1.86493e-17
93.3048 0 1.68562e-17
93.327 0 1.87363e-17
93.3491 0 1.69717e-17
93.3712 0 1.46429e-17
93.3934 0 1.85016e-17
93.4155 0 1.6645e-17
93.4376 0 1.75337e-17
93.4598 0 1.76934e-17
93.4819 0 1.49754e-17
93.5041 0 1.39767e-17
93.5262 0 1.57367e-17
93.5483 0 1.83777e-17
93.5705 0 2.19204e-17
93.5926 0 1.43074e-17
93.6148 0 1.59716e-17
93.6369 0 1.50045e-17
93.659 0 1.66261e-17
93.6812 0 1.39911e-17
93.7033 0 1.5382e-17
93.7255 0 1.5434e-17
93.7476 0 1.45405e-17
93.7697 0 1.35801e-17
93.7919 0 1.48651e-17
93.814 0 1.44533e-17
93.8361 0 1.35944e-17
93.8583 0 1.48112e-17
93.8804 0 1.15043e-17
93.9026 0 1.75139e-17
93.9247 0 1.22177e-17
93.9468 0 1.40501e-17
93.969 0 1.35333e-17
93.9911 0 1.44404e-17
94.0133 0 1.54743e-17
94.0354 0 1.42629e-17
94.0575 0 1.31649e-17
94.0797 0 1.20377e-17
94.1018 0 1.38049e-17
94.124 0 1.20292e-17
94.1461 0 1.45109e-17
94.1682 0 1.37447e-17
94.1904 0 1.16738e-17
94.2125 0 1.29716e-17
94.2346 0 1.29777e-17
94.2568 0 1.16416e-17
94.2789 0 1.27189e-17
94.3011 0 1.26128e-17
94.3232 0 1.29083e-17
94.3453 0 1.43024e-17
94.3675 0 1.2131e-17
94.3896 0 1.23277e-17
94.4118 0 1.09407e-17
94.4339 0 1.14217e-17
94.456 0 1.30799e-17
94.4782 0 1.19111e-17
94.5003 0 1.18889e-17
94.5225 0 1.06062e-17
94.5446 0 1.29492e-17
94.5667 0 1.1476e-17
94.5889 0 1.27167e-17
94.611 0 1.05719e-17
94.6332 0 1.11644e-17
94.6553 0 1.08747e-17
94.6774 0 1.1701e-17
94.6996 0 1.14568e-17
94.7217 0 9.77255e-18
94.7438 0 1.05482e-17
94.766 0 1.06072e-17
94.7881 0 1.09788e-17
94.8103 0 9.77373e-18
94.8324 0 1.03522e-17
94.8545 0 1.06336e-17
94.8767 0 1.06116e-17
94.8988 0 1.04363e-17
94.921 0 9.7741e-18
94.9431 0 1.00205e-17
94.9652 0 9.41745e-18
94.9874 0 9.98451e-18
95.0095 0 9.1273e-18
95.0317 0 9.5346e-18
95.0538 0 1.28606e-17
95.0759 0 1.14796e-17
95.0981 0 1.06555e-17
95.1202 0 9.51407e-18
95.1423 0 8.73839e-18
95.1645 0 8.56472e-18
95.1866 0 9.88425e-18
95.2088 0 1.17469e-17
95.2309 0 8.3108e-18
95.253 0 8.81216e-18
95.2752 0 9.9018e-18
95.2973 0 9.19799e-18
95.3195 0 8.99149e-18
95.3416 0 9.00734e-18
95.3637 0 8.17456e-18
95.3859 0 8.64384e-18
95.408 0 9.57682e-18
95.4302 0 1.08957e-17
95.4523 0 9.28464e-18
95.4744 0 9.5066e-18
95.4966 0 8.9183e-18
95.5187 0 8.9084e-18
95.5409 0 9.41571e-18
95.563 0 7.49276e-18
95.5851 0 8.62804e-18
95.6073 0 7.28497e-18
95.6294 0 8.05042e-18
95.6515 0 8.61326e-18
95.6737 0 7.47013e-18
95.6958 0 8.50012e-18
95.718 0 7.99737e-18
95.7401 0 8.40907e-18
95.7622 0 8.31093e-18
95.7844 0 7.41915e-18
95.8065 0 8.88328e-18
95.8287 0 7.55061e-18
95.8508 0 6.88225e-18
95.8729 0 7.55619e-18
95.8951 0 7.36532e-18
95.9172 0 8.4951e-18
95.9394 0 6.73258e-18
95.9615 0 7.08453e-18
95.9836 0 7.40179e-18
96.0058 0 6.56564e-18
96.0279 0 7.31402e-18
96.05 0 6.63772e-18
96.0722 0 6.02697e-18
96.0943 0 7.87533e-18
96.1165 0 7.27624e-18
96.1386 0 6.46816e-18
96.1607 0 6.21541e-18
96.1829 0 7.33401e-18
96.205 0 6.75753e-18
96.2272 0 6.73021e-18
96.2493 0 7.23451e-18
96.2714 0 6.4537e-18
96.2936 0 6.47738e-18
96.3157 0 6.27534e-18
96.3379 0 6.1739e-18
96.36 0 6.91891e-18
96.3821 0 5.7185e-18
96.4043 0 6.07448e-18
96.4264 0 5.63713e-18
96.4485 0 4.84332e-18
96.4707 0 6.19502e-18
96.4928 0 6.35769e-18
96.515 0 6.19952e-18
96.5371 0 6.19537e-18
96.5592 0 7.15961e-18
96.5814 0 5.1856e-18
96.6035 0 6.02912e-18
96.6257 0 6.03877e-18
96.6478 0 5.79496e-18
96.6699 0 4.89361e-18
96.6921 0 6.94596e-18
96.7142 0 6.28157e-18
96.7364 0 5.47271e-18
96.7585 0 5.92774e-18
96.7806 0 5.50047e-18
96.8028 0 5.64304e-18
96.8249 0 5.31195e-18
96.8471 0 5.74097e-18
96.8692 0 6.33842e-18
96.8913 0 5.52634e-18
96.9135 0 5.71446e-18
96.9356 0 5.02089e-18
96.9577 0 5.13203e-18
96.9799 0 4.54029e-18
97.002 0 5.42925e-18
97.0242 0 5.0818e-18
97.0463 0 5.34844e-18
97.0684 0 5.1037e-18
97.0906 0 5.33371e-18
97.1127 0 5.65229e-18
97.1349 0 6.0873e-18
97.157 0 5.77368e-18
97.1791 0 4.99364e-18
97.2013 0 4.94814e-18
97.2234 0 4.92988e-18
97.2456 0 4.44378e-18
97.2677 0 4.41668e-18
97.2898 0 4.5107e-18
97.312 0 4.14907e-18
97.3341 0 4.61794e-18
97.3562 0 4.6468e-18
97.3784 0 3.86028e-18
97.4005 0 4.32164e-18
97.4227 0 5.0725e-18
97.4448 0 5.11903e-18
97.4669 0 3.8897e-18
97.4891 0 4.66267e-18
97.5112 0 4.04509e-18
97.5334 0 4.38939e-18
97.5555 0 4.51504e-18
97.5776 0 4.2449e-18
97.5998 0 4.72514e-18
97.6219 0 4.40824e-18
97.6441 0 3.83755e-18
97.6662 0 4.17608e-18
97.6883 0 4.19173e-18
97.7105 0 4.76577e-18
97.7326 0 5.82e-18
97.7548 0 3.91919e-18
97.7769 0 4.15527e-18
97.799 0 4.08106e-18
97.8212 0 4.47719e-18
97.8433 0 4.04037e-18
97.8654 0 3.83749e-18
97.8876 0 3.92368e-18
97.9097 0 3.48218e-18
97.9319 0 3.91121e-18
97.954 0 3.51509e-18
97.9761 0 3.80363e-18
97.9983 0 4.58524e-18
98.0204 0 3.64645e-18
98.0426 0 3.44423e-18
98.0647 0 3.94414e-18
98.0868 0 3.67274e-18
98.109 0 3.73479e-18
98.1311 0 3.94168e-18
98.1533 0 3.31114e-18
98.1754 0 4.21257e-18
98.1975 0 3.6219e-18
98.2197 0 3.48476e-18
98.2418 0 3.33334e-18
98.2639 0 3.63133e-18
98.2861 0 3.28224e-18
98.3082 0 3.75183e-18
98.3304 0 3.14325e-18
98.3525 0 3.22874e-18
98.3746 0 3.2487e-18
98.3968 0 3.35256e-18
98.4189 0 3.01763e-18
98.4411 0 3.54511e-18
98.4632 0 2.91421e-18
98.4853 0 3.27832e-18
98.5075 0 3.31278e-18
98.5296 0 3.59844e-18
98.5518 0 3.22936e-18
98.5739 0 2.45137e-18
98.596 0 3.15369e-18
98.6182 0 2.93172e-18
98.6403 0 3.21428e-18
98.6624 0 3.06812e-18
98.6846 0 2.88979e-18
98.7067 0 3.08917e-18
98.7289 0 2.82074e-18
98.751 0 2.89558e-18
98.7731 0 2.84657e-18
98.7953 0 2.85946e-18
98.8174 0 2.72435e-18
98.8396 0 3.07739e-18
98.8617 0 2.60225e-18
98.8838 0 2.99294e-18
98.906 0 2.25218e-18
98.9281 0 2.86042e-18
98.9503 0 2.53303e-18
98.9724 0 2.31537e-18
98.9945 0 2.8181e-18
99.0167 0 2.7486e-18
99.0388 0 3.4131e-18
99.061 0 2.64755e-18
99.0831 0 2.34937e-18
99.1052 0 2.681e-18
99.1274 0 3.13788e-18
99.1495 0 2.4858e-18
99.1716 0 2.4924e-18
99.1938 0 2.42383e-18
99.2159 0 2.49656e-18
99.2381 0 2.30263e-18
99.2602 0 2.48022e-18
99.2823 0 2.36764e-18
99.3045 0 2.78124e-18
99.3266 0 3.09076e-18
99.3488 0 1.93688e-18
99.3709 0 2.65368e-18
99.393 0 2.22189e-18
99.4152 0 2.82574e-18
99.4373 0 2.64483e-18
99.4595 0 2.4816e-18
99.4816 0 2.19311e-18
99.5037 0 2.17161e-18
99.5259 0 1.95045e-18
99.548 0 2.3246e-18
99.5701 0 2.09752e-18
99.5923 0 2.18021e-18
99.6144 0 2.04792e-18
99.6366 0 2.25727e-18
99.6587 0 2.22871e-18
99.6808 0 2.40818e-18
99.703 0 2.01074e-18
99.7251 0 2.00751e-18
99.7473 0 2.40148e-18
99.7694 0 2.06642e-18
99.7915 0 1.88046e-18
99.8137 0 2.35881e-18
99.8358 0 2.17859e-18
99.858 0 2.13676e-18
99.8801 0 2.1689e-18
99.9022 0 1.91595e-18
99.9244 0 2.11087e-18
99.9465 0 1.95227e-18
99.9687 0 1.70396e-18
