# Updated measurements received from Yusuke in an e-mail on the 7th of March, 2022.
# Please see comments in the README file in
# 
# https://gitlab.cta-observatory.org/cta-science/simulations/simulation-model/verification/data-from-instrument-teams/lst/optics/mirror-reflectivity/-/blob/master/README.md
# 
# Wavelength [nm], Reflectivity, Uncertainty
200 0.21831 0.0367512
205 0.307915 0.0394443
210 0.410969 0.0489169
215 0.50581 0.0509021
220 0.577232 0.0479346
225 0.625103 0.044725
230 0.654198 0.0431372
235 0.671938 0.042939
240 0.682225 0.0435132
245 0.68939 0.0445375
250 0.705147 0.122443
251 0.709278 0.121356
252 0.713348 0.120114
253 0.717311 0.118737
254 0.721219 0.117229
255 0.725073 0.115593
256 0.728854 0.113791
257 0.732524 0.111845
258 0.736088 0.109796
259 0.739657 0.107652
260 0.743231 0.105437
261 0.7468 0.103095
262 0.75027 0.100686
263 0.753695 0.0982121
264 0.757143 0.095726
265 0.760554 0.0932143
266 0.763919 0.0906228
267 0.76723 0.088016
268 0.770525 0.0854098
269 0.773766 0.0827929
270 0.776972 0.0801449
271 0.780229 0.0774893
272 0.783304 0.0748386
273 0.786384 0.0722184
274 0.789405 0.0696504
275 0.79241 0.0671206
276 0.795418 0.0646108
277 0.798274 0.0621061
278 0.801062 0.0596642
279 0.803831 0.0572745
280 0.806662 0.0549196
281 0.809364 0.0526228
282 0.812007 0.0503889
283 0.814547 0.0482874
284 0.817057 0.0462443
285 0.819562 0.0442778
286 0.822058 0.0423617
287 0.824482 0.0405221
288 0.826855 0.0387745
289 0.829198 0.0370632
290 0.831436 0.0354657
291 0.833669 0.0339313
292 0.835747 0.0324531
293 0.837913 0.0310628
294 0.839936 0.0297431
295 0.842002 0.0285289
296 0.843948 0.0273845
297 0.845862 0.0263185
298 0.847707 0.0252829
299 0.849497 0.0243121
300 0.851333 0.0234202
301 0.853176 0.0225864
302 0.855005 0.0218121
303 0.856729 0.0210958
304 0.858442 0.0204531
305 0.860067 0.0198917
306 0.861655 0.0193379
307 0.86327 0.0188478
308 0.864857 0.0183737
309 0.866413 0.0179227
310 0.867919 0.0175434
311 0.869388 0.0172223
312 0.870805 0.0169282
313 0.872296 0.0166357
314 0.873655 0.0163977
315 0.874966 0.0161933
316 0.876328 0.0159847
317 0.87763 0.0157846
318 0.878922 0.0156365
319 0.880129 0.015544
320 0.88134 0.0154179
321 0.882593 0.0152893
322 0.883728 0.015164
323 0.884895 0.0150692
324 0.88604 0.0150069
325 0.887094 0.0149386
326 0.888215 0.0148481
327 0.889289 0.0147597
328 0.890327 0.0146549
329 0.891356 0.0146228
330 0.892346 0.0145164
331 0.893281 0.014457
332 0.894254 0.0143957
333 0.895236 0.0143488
334 0.896115 0.0142703
335 0.897003 0.0141917
336 0.897879 0.0141108
337 0.898827 0.0139963
338 0.89963 0.0139636
339 0.900414 0.0139374
340 0.901119 0.0139905
341 0.90275 0.0138774
342 0.903459 0.0138042
343 0.904168 0.0137153
344 0.904869 0.0136039
345 0.905608 0.0135029
346 0.906318 0.0133987
347 0.907008 0.0133187
348 0.9077 0.0132497
349 0.908327 0.0131638
350 0.908918 0.0130532
351 0.90956 0.0129821
352 0.910238 0.0128781
353 0.910918 0.0128373
354 0.911496 0.0127213
355 0.912019 0.0126385
356 0.912508 0.0125169
357 0.913049 0.012452
358 0.913553 0.0123879
359 0.914024 0.0123189
360 0.914373 0.0122054
361 0.914622 0.0121273
362 0.914904 0.0120462
363 0.915178 0.0119774
364 0.915495 0.011901
365 0.915816 0.0117894
366 0.916148 0.0117062
367 0.916344 0.0116421
368 0.916592 0.0115965
369 0.91673 0.0115693
370 0.916948 0.0115182
371 0.917711 0.0112819
372 0.917959 0.0111951
373 0.918206 0.0111439
374 0.918442 0.0110768
375 0.918607 0.0110472
376 0.918857 0.0109649
377 0.919095 0.0108843
378 0.919418 0.0108025
379 0.919624 0.0107099
380 0.91983 0.0106389
381 0.920005 0.0105696
382 0.920213 0.0105166
383 0.920406 0.0104429
384 0.920643 0.0103729
385 0.9209 0.0103163
386 0.921025 0.0102815
387 0.921218 0.0102253
388 0.92135 0.0101531
389 0.921638 0.0100919
390 0.921813 0.0100389
391 0.921983 0.00999887
392 0.922114 0.00994304
393 0.92228 0.00989018
394 0.922465 0.0098323
395 0.922711 0.00979645
396 0.922871 0.00975911
397 0.923016 0.00972035
398 0.9231 0.00970187
399 0.923182 0.00965602
400 0.923273 0.00960855
401 0.923304 0.00956415
402 0.923382 0.00953374
403 0.923343 0.00948238
404 0.923384 0.00944888
405 0.923316 0.00945212
406 0.923317 0.00944588
407 0.92319 0.00942619
408 0.923137 0.00935695
409 0.923093 0.00933623
410 0.923019 0.00932091
411 0.922946 0.00931793
412 0.922796 0.00929081
413 0.922679 0.00926762
414 0.922581 0.00923792
415 0.922494 0.00920277
416 0.922408 0.00917839
417 0.922282 0.00915705
418 0.922142 0.00913708
419 0.921979 0.00914309
420 0.921827 0.00916312
421 0.921858 0.00911928
422 0.921681 0.00909243
423 0.92142 0.00904366
424 0.921203 0.00902935
425 0.920947 0.009015
426 0.920686 0.00902509
427 0.920401 0.00903154
428 0.920098 0.00904135
429 0.919836 0.00905134
430 0.919582 0.00906245
431 0.919331 0.00906657
432 0.919042 0.00906405
433 0.918755 0.00907424
434 0.918508 0.00907306
435 0.918314 0.00905824
436 0.918102 0.00906013
437 0.917903 0.00905306
438 0.917698 0.00905769
439 0.917518 0.00907652
440 0.917352 0.00910832
441 0.917165 0.00911425
442 0.916977 0.00911833
443 0.916758 0.00911062
444 0.91655 0.00912842
445 0.916351 0.00913746
446 0.916163 0.00916134
447 0.915965 0.00918401
448 0.91575 0.00921712
449 0.915521 0.00923734
450 0.915227 0.00924393
451 0.914897 0.0092604
452 0.914566 0.0092775
453 0.914179 0.0093086
454 0.91384 0.00933828
455 0.913471 0.00937028
456 0.913137 0.0094018
457 0.912698 0.00944377
458 0.912288 0.00947334
459 0.911855 0.00950732
460 0.911464 0.00953193
461 0.911077 0.00956599
462 0.910697 0.0096116
463 0.910302 0.00964079
464 0.90992 0.00966048
465 0.909532 0.00969866
466 0.909126 0.00973162
467 0.908722 0.00977117
468 0.908315 0.00980881
469 0.907923 0.00984807
470 0.907496 0.0099004
471 0.907052 0.00994321
472 0.906616 0.00998458
473 0.906183 0.0100254
474 0.905745 0.0100652
475 0.905324 0.0101164
476 0.904896 0.0101445
477 0.90448 0.0101789
478 0.904086 0.0102212
479 0.903713 0.010278
480 0.903391 0.0103293
481 0.903093 0.0103981
482 0.902789 0.010436
483 0.902533 0.0104991
484 0.902272 0.0105345
485 0.901997 0.0105895
486 0.90173 0.0106497
487 0.901466 0.010705
488 0.901165 0.0107527
489 0.900835 0.0108073
490 0.900461 0.0108679
491 0.900116 0.0109412
492 0.899702 0.0110081
493 0.899305 0.0110634
494 0.89883 0.0111493
495 0.898339 0.0111976
496 0.897827 0.0112694
497 0.897321 0.0113389
498 0.89677 0.0114161
499 0.896257 0.0114885
500 0.895734 0.0115536
501 0.895199 0.0116291
502 0.89468 0.0116919
503 0.89416 0.011756
504 0.893639 0.0118158
505 0.893143 0.0118857
506 0.892668 0.0119745
507 0.892174 0.0120557
508 0.891661 0.0121506
509 0.891154 0.0122208
510 0.890669 0.0122976
511 0.890207 0.0123569
512 0.889763 0.0124214
513 0.889338 0.0124947
514 0.888871 0.0125662
515 0.888395 0.0126352
516 0.887898 0.0127177
517 0.887424 0.0128004
518 0.886951 0.0128922
519 0.886545 0.0129739
520 0.886137 0.0130319
521 0.88538 0.0131767
522 0.884794 0.0132693
523 0.884216 0.0133671
524 0.883652 0.0134596
525 0.883095 0.0135385
526 0.882502 0.0136135
527 0.881889 0.013699
528 0.881287 0.0137958
529 0.880676 0.0138863
530 0.880108 0.0139689
531 0.879526 0.0140555
532 0.878978 0.0141565
533 0.878424 0.0142652
534 0.877901 0.014362
535 0.877344 0.0144614
536 0.876796 0.0145523
537 0.876234 0.0146482
538 0.875652 0.0147422
539 0.875083 0.0148481
540 0.874545 0.0149461
541 0.873963 0.015051
542 0.873367 0.0151411
543 0.872731 0.015256
544 0.872102 0.0153494
545 0.87147 0.015461
546 0.870795 0.0155537
547 0.870136 0.015662
548 0.869461 0.0157695
549 0.868817 0.015865
550 0.868208 0.0159702
551 0.867594 0.0160718
552 0.866976 0.0161712
553 0.866334 0.0162753
554 0.865711 0.0163766
555 0.865092 0.0164805
556 0.864444 0.0165904
557 0.863789 0.0167131
558 0.863111 0.0168096
559 0.862438 0.0169129
560 0.861696 0.0170265
561 0.860957 0.0171348
562 0.860172 0.0172559
563 0.859442 0.0173681
564 0.85864 0.0174749
565 0.857876 0.0175914
566 0.857087 0.0176965
567 0.856285 0.0178026
568 0.855516 0.0179074
569 0.854777 0.0180203
570 0.85406 0.0181207
571 0.853366 0.0182411
572 0.852686 0.0183562
573 0.852027 0.0184817
574 0.851408 0.0185826
575 0.850781 0.0186952
576 0.85019 0.0187982
577 0.849588 0.0189156
578 0.849001 0.019023
579 0.848405 0.0191431
580 0.847769 0.0192543
581 0.847119 0.0193647
582 0.846434 0.019488
583 0.845761 0.0196162
584 0.845085 0.0197268
585 0.844418 0.0198394
586 0.843724 0.0199492
587 0.843039 0.0200606
588 0.842328 0.020174
589 0.841643 0.0202926
590 0.840952 0.020406
591 0.84027 0.0205207
592 0.839571 0.0206277
593 0.838855 0.0207555
594 0.838145 0.0208884
595 0.837429 0.0210117
596 0.836722 0.0211351
597 0.836007 0.021232
598 0.835271 0.0213438
599 0.834512 0.0214556
600 0.833726 0.0215838
601 0.832907 0.0217075
602 0.832085 0.021818
603 0.831269 0.0219274
604 0.830431 0.0220333
605 0.829567 0.0221363
606 0.828688 0.0222525
607 0.827838 0.0223566
608 0.827025 0.022468
609 0.82622 0.0225876
610 0.825411 0.0226943
611 0.824587 0.0228139
612 0.823828 0.0229246
613 0.823083 0.0230348
614 0.822362 0.0231514
615 0.821619 0.0232513
616 0.820877 0.0233558
617 0.820133 0.0234574
618 0.81937 0.023557
619 0.818638 0.0236646
620 0.817895 0.0237821
621 0.817124 0.0238999
622 0.816319 0.0240092
623 0.815514 0.0241164
624 0.814695 0.0242233
625 0.813877 0.0243298
626 0.812998 0.0244223
627 0.812151 0.0245276
628 0.811301 0.024629
629 0.810468 0.02474
630 0.809603 0.0248429
631 0.808735 0.0249479
632 0.807854 0.0250397
633 0.806981 0.0251368
634 0.806143 0.0252379
635 0.805298 0.0253406
636 0.804463 0.0254491
637 0.803632 0.0255431
638 0.80281 0.025631
639 0.802009 0.0257234
640 0.801185 0.0258216
641 0.800371 0.0259184
642 0.799595 0.0260128
643 0.798881 0.0261023
644 0.798105 0.0261881
645 0.797308 0.026279
646 0.796509 0.0263658
647 0.795735 0.0264553
648 0.79495 0.0265355
649 0.794361 0.02663
650 0.794073 0.0267071
651 0.793309 0.0233383
652 0.792425 0.0233786
653 0.791483 0.0234187
654 0.790575 0.0234861
655 0.789659 0.0235258
656 0.788678 0.0235683
657 0.787822 0.023601
658 0.786926 0.0236743
659 0.786035 0.0237062
660 0.785219 0.0237722
661 0.78441 0.0238087
662 0.783575 0.0238398
663 0.782766 0.0238784
664 0.78191 0.0239067
665 0.781101 0.0239487
666 0.78019 0.0239575
667 0.779277 0.0239987
668 0.778331 0.0240251
669 0.777334 0.0240558
670 0.776316 0.0240566
671 0.775109 0.0240947
672 0.773872 0.0241042
673 0.772612 0.0241416
674 0.771448 0.0241628
675 0.770231 0.0242134
676 0.769089 0.0242076
677 0.767958 0.0242675
678 0.766909 0.0242992
679 0.765966 0.0243342
680 0.765015 0.0243518
681 0.764293 0.0243911
682 0.763586 0.0244133
683 0.762974 0.0244454
684 0.762491 0.0244503
685 0.761957 0.0244748
686 0.761406 0.0244677
687 0.760846 0.0244674
688 0.760144 0.0244431
689 0.759483 0.0244012
690 0.758718 0.0243748
691 0.757872 0.0243131
692 0.756857 0.0242547
693 0.755809 0.0242145
694 0.75473 0.0241894
695 0.753686 0.0241442
696 0.752599 0.0241173
697 0.751526 0.0240865
698 0.750478 0.0240597
699 0.749493 0.0240321
700 0.748592 0.0240125
701 0.74772 0.0240054
702 0.746904 0.0239679
703 0.74606 0.0239596
704 0.745261 0.0239498
705 0.744573 0.0239567
706 0.743876 0.0239547
707 0.743185 0.0239274
708 0.742433 0.023885
709 0.741744 0.0238651
710 0.741056 0.0238276
711 0.740441 0.0238139
712 0.739772 0.0237771
713 0.739137 0.0237432
714 0.738505 0.0237048
715 0.737824 0.0236637
716 0.737144 0.0235978
717 0.73646 0.0235865
718 0.735829 0.0235204
719 0.735333 0.0234775
720 0.734731 0.0234041
721 0.73407 0.0233461
722 0.733402 0.0232921
723 0.732751 0.0232561
724 0.732186 0.0232142
725 0.731565 0.0231709
726 0.73095 0.0231323
727 0.730218 0.0230677
728 0.729609 0.0230161
729 0.728955 0.0229019
730 0.728247 0.0228447
731 0.727517 0.0227707
732 0.726658 0.0227206
733 0.725943 0.0226246
734 0.72506 0.022553
735 0.724285 0.0224685
736 0.723405 0.0224206
737 0.722471 0.0223643
738 0.721465 0.0222848
739 0.720594 0.0222251
740 0.719777 0.0221894
741 0.718656 0.0221166
742 0.717831 0.0220523
743 0.717066 0.0219716
744 0.716189 0.0218786
745 0.715446 0.021766
746 0.714626 0.0216886
747 0.713822 0.0216101
748 0.713046 0.0215285
749 0.712248 0.0214397
750 0.711473 0.0213478
751 0.710767 0.0212718
752 0.710094 0.0212032
753 0.709362 0.0211108
754 0.708615 0.0210163
755 0.707915 0.0209399
756 0.707251 0.0208774
757 0.706561 0.0207704
758 0.705905 0.0206737
759 0.70516 0.0205696
760 0.704492 0.0204672
761 0.703851 0.0203615
762 0.70321 0.020253
763 0.702586 0.0201686
764 0.701931 0.0200756
765 0.701337 0.0200138
766 0.700775 0.0198901
767 0.700123 0.019813
768 0.699505 0.0196853
769 0.698881 0.0195928
770 0.698398 0.0195028
771 0.697804 0.0193787
772 0.697279 0.0192788
773 0.696743 0.0191865
774 0.696245 0.0191058
775 0.695701 0.0190237
776 0.695197 0.0189001
777 0.694751 0.0187949
778 0.694332 0.0186834
779 0.69386 0.0185926
780 0.693423 0.0185185
781 0.692945 0.0184144
782 0.69257 0.018327
783 0.692068 0.0182031
784 0.691655 0.0180944
785 0.691167 0.0180012
786 0.690848 0.0179085
787 0.690485 0.0178196
788 0.690186 0.0177588
789 0.689869 0.0176569
790 0.689516 0.0175372
791 0.689165 0.0174431
792 0.688787 0.0173206
793 0.688379 0.0171995
794 0.688128 0.0171195
795 0.687855 0.0170493
796 0.687654 0.01697
797 0.68734 0.0168452
798 0.687066 0.0167326
799 0.686868 0.0166591
800 0.686612 0.0165468
801 0.686516 0.0164604
802 0.68626 0.016366
803 0.686164 0.0162392
804 0.685912 0.0161308
805 0.685759 0.0160625
806 0.685595 0.01601
807 0.685584 0.0159062
808 0.685507 0.0157906
809 0.685434 0.0156677
810 0.685285 0.0155991
811 0.685202 0.015476
812 0.685174 0.0153852
813 0.68513 0.0152808
814 0.685055 0.015199
815 0.685013 0.0151148
816 0.684991 0.0150242
817 0.685086 0.0149338
818 0.685163 0.0148578
819 0.685251 0.0147407
820 0.685253 0.014635
821 0.685285 0.0145442
822 0.685375 0.0145011
823 0.685404 0.0144379
824 0.685444 0.014356
825 0.685512 0.0142859
826 0.685677 0.0141837
827 0.685905 0.0140893
828 0.685949 0.0139836
829 0.686132 0.0138631
830 0.686205 0.0138311
831 0.686373 0.013741
832 0.686577 0.0136893
833 0.686823 0.0136026
834 0.687062 0.0135425
835 0.687281 0.013431
836 0.687364 0.0133414
837 0.687539 0.0132815
838 0.687755 0.0132501
839 0.688096 0.0131817
840 0.688375 0.0131013
841 0.688647 0.0130238
842 0.688839 0.0128997
843 0.689074 0.0128225
844 0.689287 0.0127133
845 0.689654 0.0126665
846 0.689935 0.0125559
847 0.690188 0.0124939
848 0.690292 0.0124458
849 0.691009 0.0123714
850 0.691238 0.0123019
855 0.707707 0.00913666
860 0.710637 0.00885704
865 0.715264 0.00781342
870 0.710498 0.0060806
875 0.70807 0.00872216
880 0.710902 0.0083756
885 0.710029 0.00849768
890 0.711465 0.0084327
895 0.710815 0.00886492
900 0.713216 0.00725518
905 0.711652 0.00740089
910 0.714731 0.00883046
915 0.716354 0.0076874
920 0.716737 0.0087261
925 0.716604 0.00823875
930 0.717599 0.00908349
935 0.720181 0.00841892
940 0.720002 0.00861288
945 0.723252 0.0089427
950 0.722617 0.00925874
955 0.723588 0.00899193
960 0.726384 0.00901162
965 0.727006 0.0091977
970 0.727809 0.00957085
975 0.730831 0.00969884
980 0.731748 0.010265
985 0.73311 0.00975397
990 0.733429 0.00971853
995 0.735642 0.0100543
1000 0.737942 0.0101055
1005 0.739561 0.0104569
1010 0.740377 0.010329
1015 0.742561 0.0105446
1020 0.743862 0.0102876
1025 0.745339 0.0104629
1030 0.747185 0.0105446
1035 0.748671 0.0103693
1040 0.750268 0.0109295
1045 0.752077 0.0106539
1050 0.753337 0.0105387
1055 0.754347 0.010901
1060 0.755992 0.0106962
1065 0.757191 0.0107878
1070 0.758766 0.010646
1075 0.759512 0.0106548
1080 0.761886 0.0110615
1085 0.762745 0.0108901
1090 0.763926 0.0108478
1095 0.76493 0.0109748
