# Common Single Photo Electron spectrum for SST from LCT2 sensor
# Configuration : test, with XT = 15
# Gain : 0.85
# Sigma_e : 0.0
# Sigma_g : 0.15223429777148306
0.000000000000000000 0.000000378574992530 0.000000378574992530
0.010590590615357304 0.000000556922190545 0.000000556922190545
0.021181181230714607 0.000000815333492793 0.000000815333492793
0.031771771846071911 0.000001187884466196 0.000001187884466196
0.042362362461429215 0.000001722309842278 0.000001722309842278
0.052952953076786519 0.000002485115188360 0.000002485115188360
0.063543543692143822 0.000003568452530543 0.000003568452530543
0.074134134307501126 0.000005099310816580 0.000005099310816580
0.084724724922858430 0.000007251722963513 0.000007251722963513
0.095315315538215734 0.000010262876073536 0.000010262876073536
0.105905906153573037 0.000014454235457248 0.000014454235457248
0.116496496768930341 0.000020259061617290 0.000020259061617290
0.127087087384287645 0.000028258017233596 0.000028258017233596
0.137677677999644948 0.000039224932597840 0.000039224932597840
0.148268268615002252 0.000054185225656468 0.000054185225656468
0.158858859230359556 0.000074489957539405 0.000074489957539405
0.169449449845716860 0.000101909043903409 0.000101909043903409
0.180040040461074163 0.000138747730326555 0.000138747730326555
0.190630631076431467 0.000187991064899397 0.000187991064899397
0.201221221691788771 0.000253481745172300 0.000253481745172300
0.211811812307146075 0.000340137354086787 0.000340137354086787
0.222402402922503378 0.000454213595762161 0.000454213595762161
0.232992993537860682 0.000603620652186336 0.000603620652186336
0.243583584153217986 0.000798300150113631 0.000798300150113631
0.254174174768575289 0.001050670386508321 0.001050670386508321
0.264764765383932565 0.001376147332164279 0.001376147332164279
0.275355355999289897 0.001793748427939305 0.001793748427939305
0.285945946614647228 0.002326785209460970 0.002326785209460970
0.296536537230004504 0.003003649242366766 0.003003649242366766
0.307127127845361780 0.003858693619021192 0.003858693619021192
0.317717718460719112 0.004933209262897537 0.004933209262897537
0.328308309076076443 0.006276491425508192 0.006276491425508192
0.338898899691433719 0.007946986982398417 0.007946986982398417
0.349489490306790995 0.010013507411355567 0.010013507411355567
0.360080080922148327 0.012556485683293860 0.012556485683293860
0.370670671537505658 0.015669247784792256 0.015669247784792256
0.381261262152862934 0.019459261357220085 0.019459261357220085
0.391851852768220210 0.024049315192199407 0.024049315192199407
0.402442443383577542 0.029578574360553750 0.029578574360553750
0.413033033998934873 0.036203446951568623 0.036203446951568623
0.423623624614292149 0.044098190226024854 0.044098190226024854
0.434214215229649425 0.053455176983052924 0.053455176983052924
0.444804805845006757 0.064484737715394633 0.064484737715394633
0.455395396460364088 0.077414491332563756 0.077414491332563756
0.465985987075721364 0.092488077535351085 0.092488077535351085
0.476576577691078640 0.109963207977648442 0.109963207977648442
0.487167168306435971 0.130108961741118218 0.130108961741118218
0.497757758921793303 0.153202263855287180 0.153202263855287180
0.508348349537150579 0.179523503943042340 0.179523503943042340
0.518938940152507855 0.209351275674774767 0.209351275674774767
0.529529530767865131 0.242956246435557716 0.242956246435557716
0.540120121383222518 0.280594200018215112 0.280594200018215112
0.550710711998579794 0.322498332500014140 0.322498332500014140
0.561301302613937070 0.368870921658006945 0.368870921658006945
0.571891893229294457 0.419874531916499871 0.419874531916499871
0.582482483844651733 0.475622958188437361 0.475622958188437361
0.593073074460009009 0.536172151109256423 0.536172151109256423
0.603663665075366285 0.601511400928860462 0.601511400928860462
0.614254255690723561 0.671555085504940807 0.671555085504940807
0.624844846306080948 0.746135307240914480 0.746135307240914480
0.635435436921438224 0.824995752405554672 0.824995752405554672
0.646026027536795500 0.907787102323896034 0.907787102323896034
0.656616618152152887 0.994064308132195262 0.994064308132195262
0.667207208767510163 1.083286008386553423 1.083286008386553423
0.677797799382867439 1.174816321703380018 1.174816321703380018
0.688388389998224715 1.267929185419989002 1.267929185419989002
0.698978980613581991 1.361815337396979020 1.361815337396979020
0.709569571228939378 1.455591953711504738 1.455591953711504738
0.720160161844296653 1.548314863003581676 1.548314863003581676
0.730750752459653929 1.638993162151403338 1.638993162151403338
0.741341343075011316 1.726605961763329589 1.726605961763329589
0.751931933690368592 1.810120897980725285 1.810120897980725285
0.762522524305725868 1.888513963670478413 1.888513963670478413
0.773113114921083144 1.960790141485799998 1.960790141485799998
0.783703705536440420 2.026004267339957643 2.026004267339957643
0.794294296151797807 2.083281518805288446 2.083281518805288446
0.804884886767155083 2.131836911232315224 2.131836911232315224
0.815475477382512359 2.170993196404657599 2.170993196404657599
0.826066067997869746 2.200196594621401935 2.200196594621401935
0.836656658613227022 2.219029850383817948 2.219029850383817948
0.847247249228584298 2.227222182358288727 2.227222182358288727
0.857837839843941574 2.224655796916664041 2.224655796916664041
0.868428430459298850 2.211368747309008675 2.211368747309008675
0.879019021074656237 2.187554042655731390 2.187554042655731390
0.889609611690013513 2.153555037217770085 2.153555037217770085
0.900200202305370789 2.109857255357716177 2.109857255357716177
0.910790792920728176 2.057076925854092408 2.057076925854092408
0.921381383536085452 1.995946605740271496 1.995946605740271496
0.931971974151442728 1.927298364188399615 1.927298364188399615
0.942562564766800004 1.852045067564340952 1.852045067564340952
0.953153155382157280 1.771160355069536285 1.771160355069536285
0.963743745997514667 1.685657918908828989 1.685657918908828989
0.974334336612871943 1.596570703395141511 1.596570703395141511
0.984924927228229219 1.504930614681793788 1.504930614681793788
0.995515517843586606 1.411749288818247461 1.411749288818247461
1.006106108458943771 1.318000403387137753 1.318000403387137753
1.016696699074301158 1.224603940658749224 1.224603940658749224
1.027287289689658545 1.132412722060556876 1.132412722060556876
1.037877880305015710 1.042201439141753561 1.042201439141753561
1.048468470920373097 0.954658309487268153 0.954658309487268153
1.059059061535730262 0.870379391381599588 0.870379391381599588
1.069649652151087649 0.789865502227433902 0.789865502227433902
1.080240242766445036 0.713521606020122601 0.713521606020122601
1.090830833381802201 0.641658467122703691 0.641658467122703691
1.101421423997159588 0.574496312984400626 0.574496312984400626
1.112012014612516975 0.512170208328796672 0.512170208328796672
1.122602605227874140 0.454736817979613850 0.454736817979613850
1.133193195843231527 0.402182224466502314 0.402182224466502314
1.143783786458588914 0.354430468826569534 0.354430468826569534
1.154374377073946079 0.311352497062364453 0.311352497062364453
1.164964967689303466 0.272775218642757999 0.272775218642757999
1.175555558304660630 0.238490415119552268 0.238490415119552268
1.186146148920018017 0.208263274162656664 0.208263274162656664
1.196736739535375404 0.181840364897639023 0.181840364897639023
1.207327330150732569 0.158956912297937708 0.158956912297937708
1.217917920766089956 0.139343269691068500 0.139343269691068500
1.228508511381447121 0.122730527610978732 0.122730527610978732
1.239099101996804508 0.108855233009770000 0.108855233009770000
1.249689692612161895 0.097463224305711957 0.097463224305711957
1.260280283227519060 0.088312614293323988 0.088312614293323988
1.270870873842876447 0.081175974285876473 0.081175974285876473
1.281461464458233834 0.075841788985588368 0.075841788985588368
1.292052055073590999 0.072115262698007609 0.072115262698007609
1.302642645688948386 0.069818564023477206 0.069818564023477206
1.313233236304305773 0.068790598602127578 0.068790598602127578
1.323823826919662938 0.068886398475901112 0.068886398475901112
1.334414417535020325 0.069976212818017525 0.069976212818017525
1.345005008150377490 0.071944378824432165 0.071944378824432165
1.355595598765734877 0.074688044089956343 0.074688044089956343
1.366186189381092264 0.078115803375517809 0.078115803375517809
1.376776779996449429 0.082146303812468083 0.082146303812468083
1.387367370611806816 0.086706863703190876 0.086706863703190876
1.397957961227163981 0.091732141497656128 0.091732141497656128
1.408548551842521368 0.097162883502536407 0.097162883502536407
1.419139142457878755 0.102944771584653760 0.102944771584653760
1.429729733073235920 0.109027385666149265 0.109027385666149265
1.440320323688593307 0.115363290218160705 0.115363290218160705
1.450910914303950694 0.121907249238589949 0.121907249238589949
1.461501504919307859 0.128615570306958998 0.128615570306958998
1.472092095534665246 0.135445575178862299 0.135445575178862299
1.482682686150022633 0.142355191931517994 0.142355191931517994
1.493273276765379798 0.149302661809914361 0.149302661809914361
1.503863867380737185 0.156246352558400886 0.156246352558400886
1.514454457996094350 0.163144669067697007 0.163144669067697007
1.525045048611451737 0.169956051542305364 0.169956051542305364
1.535635639226809124 0.176639051028368577 0.176639051028368577
1.546226229842166289 0.183152471978549364 0.183152471978549364
1.556816820457523676 0.189455571521381039 0.189455571521381039
1.567407411072880841 0.195508305211581301 0.195508305211581301
1.577998001688238228 0.201271609238769827 0.201271609238769827
1.588588592303595615 0.206707709347077412 0.206707709347077412
1.599179182918952780 0.211780447056432453 0.211780447056432453
1.609769773534310167 0.216455614172184868 0.216455614172184868
1.620360364149667554 0.220701287021216858 0.220701287021216858
1.630950954765024719 0.224488152359948928 0.224488152359948928
1.641541545380382106 0.227789817463731142 0.227789817463731142
1.652132135995739493 0.230583097528857944 0.230583097528857944
1.662722726611096657 0.232848274197648863 0.232848274197648863
1.673313317226454044 0.234569319751810668 0.234569319751810668
1.683903907841811209 0.235734082305699477 0.235734082305699477
1.694494498457168596 0.236334428162934734 0.236334428162934734
1.705085089072525983 0.236366338368624612 0.236366338368624612
1.715675679687883148 0.235829957384686512 0.235829957384686512
1.726266270303240535 0.234729592724992470 0.234729592724992470
1.736856860918597700 0.233073665296509330 0.233073665296509330
1.747447451533955087 0.230874611087388687 0.230874611087388687
1.758038042149312474 0.228148735707775108 0.228148735707775108
1.768628632764669639 0.224916024108603063 0.224916024108603063
1.779219223380027026 0.221199908563065401 0.221199908563065401
1.789809813995384413 0.217026998680973054 0.217026998680973054
1.800400404610741578 0.212426777825571289 0.212426777825571289
1.810990995226098965 0.207431270805075507 0.207431270805075507
1.821581585841456352 0.202074688108946937 0.202074688108946937
1.832172176456813517 0.196393052245866701 0.196393052245866701
1.842762767072170904 0.190423811913210589 0.190423811913210589
1.853353357687528069 0.184205449785911246 0.184205449785911246
1.863943948302885456 0.177777089657939952 0.177777089657939952
1.874534538918242843 0.171178108506791632 0.171178108506791632
1.885125129533600008 0.164447758787239634 0.164447758787239634
1.895715720148957395 0.157624805904340137 0.157624805904340137
1.906306310764314560 0.150747185378123233 0.150747185378123233
1.916896901379671947 0.143851683706067240 0.143851683706067240
1.927487491995029334 0.136973646367906154 0.136973646367906154
1.938078082610386499 0.130146715814889180 0.130146715814889180
1.948668673225743886 0.123402601656999913 0.123402601656999913
1.959259263841101273 0.116770884621480539 0.116770884621480539
1.969849854456458438 0.110278855218506444 0.110278855218506444
1.980440445071815825 0.103951387428486391 0.103951387428486391
1.991031035687173212 0.097810847132579704 0.097810847132579704
2.001621626302530377 0.091877034454657711 0.091877034454657711
2.012212216917887542 0.086167158678583253 0.086167158678583253
2.022802807533245151 0.080695843957097002 0.080695843957097002
2.033393398148602316 0.075475163643750010 0.075475163643750010
2.043983988763959481 0.070514700761317037 0.070514700761317037
2.054574579379317090 0.065821631871249411 0.065821631871249411
2.065165169994674255 0.061400831429446703 0.061400831429446703
2.075755760610031420 0.057254993602792251 0.057254993602792251
2.086346351225389029 0.053384768475803111 0.053384768475803111
2.096936941840746194 0.049788909593334117 0.049788909593334117
2.107527532456103359 0.046464429858378724 0.046464429858378724
2.118118123071460523 0.043406762927517932 0.043406762927517932
2.128708713686818133 0.040609927413670151 0.040609927413670151
2.139299304302175297 0.038066691409242355 0.038066691409242355
2.149889894917532462 0.035768735075058594 0.035768735075058594
2.160480485532890071 0.033706809294021069 0.033706809294021069
2.171071076148247236 0.031870888655963943 0.031870888655963943
2.181661666763604401 0.030250317314565671 0.030250317314565671
2.192252257378962010 0.028833946531947791 0.028833946531947791
2.202842847994319175 0.027610262995759853 0.027610262995759853
2.213433438609676340 0.026567507251902125 0.026567507251902125
2.224024029225033949 0.025693781839095063 0.025693781839095063
2.234614619840391114 0.024977148935593333 0.024977148935593333
2.245205210455748279 0.024405717530616881 0.024405717530616881
2.255795801071105888 0.023967720311481148 0.023967720311481148
2.266386391686463053 0.023651580610680352 0.023651580610680352
2.276976982301820218 0.023445969884764439 0.023445969884764439
2.287567572917177827 0.023339856298866531 0.023339856298866531
2.298158163532534992 0.023322545067883289 0.023322545067883289
2.308748754147892157 0.023383711258795035 0.023383711258795035
2.319339344763249322 0.023513425790063699 0.023513425790063699
2.329929935378606931 0.023702175375423459 0.023702175375423459
2.340520525993964096 0.023940877152891473 0.023940877152891473
2.351111116609321261 0.024220888717843211 0.024220888717843211
2.361701707224678870 0.024534014243976852 0.024534014243976852
2.372292297840036035 0.024872507330409091 0.024872507330409091
2.382882888455393200 0.025229071159427675 0.025229071159427675
2.393473479070750809 0.025596856489902224 0.025596856489902224
2.404064069686107974 0.025969457948210289 0.025969457948210289
2.414654660301465139 0.026340909013773714 0.026340909013773714
2.425245250916822748 0.026705676031719940 0.026705676031719940
2.435835841532179913 0.027058651522361078 0.027058651522361078
2.446426432147537078 0.027395146997458084 0.027395146997458084
2.457017022762894243 0.027710885437713446 0.027710885437713446
2.467607613378251852 0.028001993535482175 0.028001993535482175
2.478198203993609017 0.028264993761949398 0.028264993761949398
2.488788794608966182 0.028496796279422584 0.028496796279422584
2.499379385224323791 0.028694690687158832 0.028694690687158832
2.509969975839680956 0.028856337563344315 0.028856337563344315
2.520560566455038121 0.028979759746357015 0.028979759746357015
2.531151157070395730 0.029063333285029292 0.029063333285029292
2.541741747685752895 0.029105777979925352 0.029105777979925352
2.552332338301110060 0.029106147435201558 0.029106147435201558
2.562922928916467669 0.029063818542898582 0.029063818542898582
2.573513519531824834 0.028978480327939413 0.028978480327939413
2.584104110147181999 0.028850122092058037 0.028850122092058037
2.594694700762539608 0.028679020807725563 0.028679020807725563
2.605285291377896773 0.028465727728232772 0.028465727728232772
2.615875881993253937 0.028211054196805047 0.028211054196805047
2.626466472608611546 0.027916056655361236 0.027916056655361236
2.637057063223968711 0.027582020871710859 0.027582020871710859
2.647647653839325876 0.027210445422084409 0.027210445422084409
2.658238244454683041 0.026803024483427692 0.026803024483427692
2.668828835070040650 0.026361630006433597 0.026361630006433597
2.679419425685397815 0.025888293355463804 0.025888293355463804
2.690010016300754980 0.025385186515014334 0.025385186515014334
2.700600606916112589 0.024854602973954094 0.024854602973954094
2.711191197531469754 0.024298938408218292 0.024298938408218292
2.721781788146826919 0.023720671289840442 0.023720671289840442
2.732372378762184528 0.023122343555078893 0.023122343555078893
2.742962969377541693 0.022506541466913971 0.022506541466913971
2.753553559992898858 0.021875876807387791 0.021875876807387791
2.764144150608256467 0.021232968533204950 0.021232968533204950
2.774734741223613632 0.020580425023819945 0.020580425023819945
2.785325331838970797 0.019920827045058889 0.019920827045058889
2.795915922454327962 0.019256711543339414 0.019256711543339414
2.806506513069685571 0.018590556375966800 0.018590556375966800
2.817097103685042736 0.017924766072024902 0.017924766072024902
2.827687694300399901 0.017261658706282917 0.017261658706282917
2.838278284915757510 0.016603453955554577 0.016603453955554577
2.848868875531114675 0.015952262393321991 0.015952262393321991
2.859459466146471840 0.015310076064423887 0.015310076064423887
2.870050056761829449 0.014678760367451034 0.014678760367451034
2.880640647377186614 0.014060047258419207 0.014060047258419207
2.891231237992543779 0.013455529775525480 0.013455529775525480
2.901821828607901388 0.012866657871535644 0.012866657871535644
2.912412419223258553 0.012294735527781145 0.012294735527781145
2.923003009838615718 0.011740919112023315 0.011740919112023315
2.933593600453973327 0.011206216931707249 0.011206216931707249
2.944184191069330492 0.010691489924487322 0.010691489924487322
2.954774781684687657 0.010197453419448919 0.010197453419448919
2.965365372300045266 0.009724679895237573 0.009724679895237573
2.975955962915402431 0.009273602655372611 0.009273602655372611
2.986546553530759596 0.008844520336382094 0.008844520336382094
2.997137144146116761 0.008437602161039693 0.008437602161039693
3.007727734761474370 0.008052893846880639 0.008052893846880639
3.018318325376831535 0.007690324079276092 0.007690324079276092
3.028908915992188700 0.007349711458586135 0.007349711458586135
3.039499506607546309 0.007030771832212906 0.007030771832212906
3.050090097222903474 0.006733125924643930 0.006733125924643930
3.060680687838260639 0.006456307181712046 0.006456307181712046
3.071271278453618248 0.006199769749195049 0.006199769749195049
3.081861869068975412 0.005962896510421810 0.005962896510421810
3.092452459684332577 0.005745007112630205 0.005745007112630205
3.103043050299690186 0.005545365917321248 0.005545365917321248
3.113633640915047351 0.005363189815661628 0.005363189815661628
3.124224231530404516 0.005197655855996997 0.005197655855996997
3.134814822145761681 0.005047908636649190 0.005047908636649190
3.145405412761119290 0.004913067423286809 0.004913067423286809
3.155996003376476455 0.004792232956195515 0.004792232956195515
3.166586593991833620 0.004684493918653288 0.004684493918653288
3.177177184607191229 0.004588933043270751 0.004588933043270751
3.187767775222548394 0.004504632838528805 0.004504632838528805
3.198358365837905559 0.004430680922788833 0.004430680922788833
3.208948956453263168 0.004366174957727298 0.004366174957727298
3.219539547068620333 0.004310227177429174 0.004310227177429174
3.230130137683977498 0.004261968513245509 0.004261968513245509
3.240720728299335107 0.004220552317970910 0.004220552317970910
3.251311318914692272 0.004185157695924935 0.004185157695924935
3.261901909530049437 0.004154992448134546 0.004154992448134546
3.272492500145407046 0.004129295644025089 0.004129295644025089
3.283083090760764211 0.004107339832853070 0.004107339832853070
3.293673681376121376 0.004088432909578057 0.004088432909578057
3.304264271991478985 0.004071919650999955 0.004071919650999955
3.314854862606836150 0.004057182938810298 0.004057182938810298
3.325445453222193315 0.004043644686753454 0.004043644686753454
3.336036043837550480 0.004030766489397356 0.004030766489397356
3.346626634452908089 0.004018050010105578 0.004018050010105578
3.357217225068265254 0.004005037125715257 0.004005037125715257
3.367807815683622419 0.003991309845188593 0.003991309845188593
3.378398406298980028 0.003976490019148844 0.003976490019148844
3.388988996914337193 0.003960238856761660 0.003960238856761660
3.399579587529694358 0.003942256265903822 0.003942256265903822
3.410170178145051967 0.003922280031996302 0.003922280031996302
3.420760768760409132 0.003900084850286085 0.003900084850286085
3.431351359375766297 0.003875481225758012 0.003875481225758012
3.441941949991123906 0.003848314254257685 0.003848314254257685
3.452532540606481071 0.003818462297820119 0.003818462297820119
3.463123131221838236 0.003785835566634469 0.003785835566634469
3.473713721837195401 0.003750374619538695 0.003750374619538695
3.484304312452553010 0.003712048794432795 0.003712048794432795
3.494894903067910175 0.003670854579526700 0.003670854579526700
3.505485493683267340 0.003626813935898640 0.003626813935898640
3.516076084298624949 0.003579972581429937 0.003579972581429937
3.526666674913982114 0.003530398245799450 0.003530398245799450
3.537257265529339278 0.003478178905861304 0.003478178905861304
3.547847856144696888 0.003423421010388192 0.003423421010388192
3.558438446760054052 0.003366247702834169 0.003366247702834169
3.569029037375411217 0.003306797050449987 0.003306797050449987
3.579619627990768826 0.003245220287765425 0.003245220287765425
3.590210218606125991 0.003181680082131136 0.003181680082131136
3.600800809221483156 0.003116348828682869 0.003116348828682869
3.611391399836840765 0.003049406981748992 0.003049406981748992
3.621981990452197930 0.002981041429364522 0.002981041429364522
3.632572581067555095 0.002911443917178311 0.002911443917178311
3.643163171682912704 0.002840809527642865 0.002840809527642865
3.653753762298269869 0.002769335219956775 0.002769335219956775
3.664344352913627034 0.002697218435787806 0.002697218435787806
3.674934943528984199 0.002624655775340658 0.002624655775340658
3.685525534144341808 0.002551841747848190 0.002551841747848190
3.696116124759698973 0.002478967600060770 0.002478967600060770
3.706706715375056138 0.002406220225787508 0.002406220225787508
3.717297305990413747 0.002333781159009061 0.002333781159009061
3.727887896605770912 0.002261825652537599 0.002261825652537599
3.738478487221128077 0.002190521843649723 0.002190521843649723
3.749069077836485686 0.002120030007567079 0.002120030007567079
3.759659668451842851 0.002050501899111135 0.002050501899111135
3.770250259067200016 0.001982080182318242 0.001982080182318242
3.780840849682557625 0.001914897947273046 0.001914897947273046
3.791431440297914790 0.001849078312907010 0.001849078312907010
3.802022030913271955 0.001784734114018766 0.001784734114018766
3.812612621528629120 0.001721967670308289 0.001721967670308289
3.823203212143986729 0.001660870634781103 0.001660870634781103
3.833793802759343894 0.001601523918475434 0.001601523918475434
3.844384393374701059 0.001543997688097301 0.001543997688097301
3.854974983990058668 0.001488351432818448 0.001488351432818448
3.865565574605415833 0.001434634096201763 0.001434634096201763
3.876156165220772998 0.001382884268969821 0.001382884268969821
3.886746755836130607 0.001333130438125567 0.001333130438125567
3.897337346451487772 0.001285391287770012 0.001285391287770012
3.907927937066844937 0.001239676046840428 0.001239676046840428
3.918518527682202546 0.001195984878913122 0.001195984878913122
3.929109118297559711 0.001154309309176518 0.001154309309176518
3.939699708912916876 0.001114632683681477 0.001114632683681477
3.950290299528274485 0.001076930656014880 0.001076930656014880
3.960880890143631650 0.001041171696617112 0.001041171696617112
3.971471480758988815 0.001007317620071917 0.001007317620071917
3.982062071374346424 0.000975324125835474 0.000975324125835474
3.992652661989703589 0.000945141348037462 0.000945141348037462
4.003243252605060754 0.000916714410177352 0.000916714410177352
4.013833843220417918 0.000889983980751186 0.000889983980751186
4.024424433835775083 0.000864886826074264 0.000864886826074264
4.035015024451133137 0.000841356356810462 0.000841356356810462
4.045605615066490302 0.000819323164976148 0.000819323164976148
4.056196205681847466 0.000798715548452694 0.000798715548452694
4.066786796297204631 0.000779460020313617 0.000779460020313617
4.077377386912561796 0.000761481800547377 0.000761481800547377
4.087967977527918961 0.000744705288032359 0.000744705288032359
4.098558568143276126 0.000729054510893953 0.000729054510893953
4.109149158758634179 0.000714453553642765 0.000714453553642765
4.119739749373991344 0.000700826959755728 0.000700826959755728
4.130330339989348509 0.000688100108616432 0.000688100108616432
4.140920930604705674 0.000676199565975798 0.000676199565975798
4.151511521220062839 0.000665053407327892 0.000665053407327892
4.162102111835420004 0.000654591513817084 0.000654591513817084
4.172692702450778057 0.000644745840501023 0.000644745840501023
4.183283293066135222 0.000635450656988295 0.000635450656988295
4.193873883681492387 0.000626642760649691 0.000626642760649691
4.204464474296849552 0.000618261662767449 0.000618261662767449
4.215055064912206717 0.000610249748137418 0.000610249748137418
4.225645655527563882 0.000602552408775061 0.000602552408775061
4.236236246142921047 0.000595118152497474 0.000595118152497474
4.246826836758279100 0.000587898687260697 0.000587898687260697
4.257417427373636265 0.000580848982224778 0.000580848982224778
4.268008017988993430 0.000573927306598838 0.000573927306598838
4.278598608604350595 0.000567095247385477 0.000567095247385477
4.289189199219707760 0.000560317707198666 0.000560317707198666
4.299779789835064925 0.000553562883372668 0.000553562883372668
4.310370380450422978 0.000546802229612120 0.000546802229612120
4.320960971065780143 0.000540010401455944 0.000540010401455944
4.331551561681137308 0.000533165186840922 0.000533165186840922
4.342142152296494473 0.000526247423055431 0.000526247423055431
4.352732742911851638 0.000519240901370475 0.000519240901370475
4.363323333527208803 0.000512132260624764 0.000512132260624764
4.373913924142566856 0.000504910871023530 0.000504910871023530
4.384504514757924021 0.000497568709388015 0.000497568709388015
4.395095105373281186 0.000490100227064381 0.000490100227064381
4.405685695988638351 0.000482502211668126 0.000482502211668126
4.416276286603995516 0.000474773643803140 0.000474773643803140
4.426866877219352681 0.000466915549854064 0.000466915549854064
4.437457467834709846 0.000458930851906990 0.000458930851906990
4.448048058450067899 0.000450824215807179 0.000450824215807179
4.458638649065425064 0.000442601898313880 0.000442601898313880
4.469229239680782229 0.000434271594261772 0.000434271594261772
4.479819830296139394 0.000425842284586468 0.000425842284586468
4.490410420911496558 0.000417324086018171 0.000417324086018171
4.501001011526853723 0.000408728103193295 0.000408728103193295
4.511591602142211777 0.000400066283878922 0.000400066283878922
4.522182192757568941 0.000391351277949636 0.000391351277949636
4.532772783372926106 0.000382596300700745 0.000382596300700745
4.543363373988283271 0.000373815001026550 0.000373815001026550
4.553953964603640436 0.000365021334937102 0.000365021334937102
4.564544555218997601 0.000356229444832336 0.000356229444832336
4.575135145834355654 0.000347453544898514 0.000347453544898514
4.585725736449712819 0.000338707812938847 0.000338707812938847
4.596316327065069984 0.000330006288898229 0.000330006288898229
4.606906917680427149 0.000321362780291257 0.000321362780291257
4.617497508295784314 0.000312790774693419 0.000312790774693419
4.628088098911141479 0.000304303359407533 0.000304303359407533
4.638678689526498644 0.000295913148371538 0.000295913148371538
4.649269280141856697 0.000287632216329541 0.000287632216329541
4.659859870757213862 0.000279472040245848 0.000279472040245848
4.670450461372571027 0.000271443447901672 0.000271443447901672
4.681041051987928192 0.000263556573576405 0.000263556573576405
4.691631642603285357 0.000255820820679833 0.000255820820679833
4.702222233218642522 0.000248244831168683 0.000248244831168683
4.712812823834000575 0.000240836461550324 0.000240836461550324
4.723403414449357740 0.000233602765248508 0.000233602765248508
4.733994005064714905 0.000226549981080681 0.000226549981080681
4.744584595680072070 0.000219683527573778 0.000219683527573778
4.755175186295429235 0.000213008002825362 0.000213008002825362
4.765765776910786400 0.000206527189599710 0.000206527189599710
4.776356367526143565 0.000200244065333812 0.000200244065333812
4.786946958141501618 0.000194160816716262 0.000194160816716262
4.797537548756858783 0.000188278858492666 0.000188278858492666
4.808128139372215948 0.000182598856144369 0.000182598856144369
4.818718729987573113 0.000177120752082965 0.000177120752082965
4.829309320602930278 0.000171843795001131 0.000171843795001131
4.839899911218287443 0.000166766572020679 0.000166766572020679
4.850490501833645496 0.000161887043281285 0.000161887043281285
4.861081092449002661 0.000157202578617982 0.000157202578617982
4.871671683064359826 0.000152709995982089 0.000152709995982089
4.882262273679716991 0.000148405601268636 0.000148405601268636
4.892852864295074156 0.000144285229223391 0.000144285229223391
4.903443454910431321 0.000140344285114175 0.000140344285114175
4.914034045525788486 0.000136577786864084 0.000136577786864084
4.924624636141146539 0.000132980407358394 0.000132980407358394
4.935215226756503704 0.000129546516652099 0.000129546516652099
4.945805817371860869 0.000126270223821164 0.000126270223821164
4.956396407987218033 0.000123145418217370 0.000123145418217370
4.966986998602575198 0.000120165809904097 0.000120165809904097
4.977577589217932363 0.000117324969068212 0.000117324969068212
4.988168179833290417 0.000114616364221426 0.000114616364221426
4.998758770448647581 0.000112033399022762 0.000112033399022762
5.009349361064004746 0.000109569447572158 0.000109569447572158
5.019939951679361911 0.000107217888043420 0.000107217888043420
5.030530542294719076 0.000104972134542800 0.000104972134542800
5.041121132910076241 0.000102825667097148 0.000102825667097148
5.051711723525434294 0.000100772059692858 0.000100772059692858
5.062302314140791459 0.000098805006303586 0.000098805006303586
5.072892904756148624 0.000096918344860864 0.000096918344860864
5.083483495371505789 0.000095106079137229 0.000095106079137229
5.094074085986862954 0.000093362398526224 0.000093362398526224
5.104664676602220119 0.000091681695717610 0.000091681695717610
5.115255267217577284 0.000090058582279254 0.000090058582279254
5.125845857832935337 0.000088487902169433 0.000088487902169433
5.136436448448292502 0.000086964743214682 0.000086964743214682
5.147027039063649667 0.000085484446598759 0.000085484446598759
5.157617629679006832 0.000084042614417891 0.000084042614417891
5.168208220294363997 0.000082635115366039 0.000082635115366039
5.178798810909721162 0.000081258088621651 0.000081258088621651
5.189389401525079215 0.000079907946014144 0.000079907946014144
5.199979992140436380 0.000078581372554264 0.000078581372554264
5.210570582755793545 0.000077275325417438 0.000077275325417438
5.221161173371150710 0.000075987031473439 0.000075987031473439
5.231751763986507875 0.000074713983458977 0.000074713983458977
5.242342354601865040 0.000073453934892370 0.000073453934892370
5.252932945217223093 0.000072204893831237 0.000072204893831237
5.263523535832580258 0.000070965115575202 0.000070965115575202
5.274114126447937423 0.000069733094415958 0.000069733094415958
5.284704717063294588 0.000068507554536801 0.000068507554536801
5.295295307678651753 0.000067287440162852 0.000067287440162852
5.305885898294008918 0.000066071905061781 0.000066071905061781
5.316476488909366083 0.000064860301492904 0.000064860301492904
5.327067079524724136 0.000063652168700147 0.000063652168700147
5.337657670140081301 0.000062447221041519 0.000062447221041519
5.348248260755438466 0.000061245335844563 0.000061245335844563
5.358838851370795631 0.000060046541073694 0.000060046541073694
5.369429441986152796 0.000058851002891520 0.000058851002891520
5.380020032601509961 0.000057659013192110 0.000057659013192110
5.390610623216868014 0.000056470977179925 0.000056470977179925
5.401201213832225179 0.000055287401063586 0.000055287401063586
5.411791804447582344 0.000054108879929055 0.000054108879929055
5.422382395062939509 0.000052936085852079 0.000052936085852079
5.432972985678296673 0.000051769756304909 0.000051769756304909
5.443563576293653838 0.000050610682907497 0.000050610682907497
5.454154166909011003 0.000049459700568474 0.000049459700568474
5.464744757524369057 0.000048317677056406 0.000048317677056406
5.475335348139726221 0.000047185503037000 0.000047185503037000
5.485925938755083386 0.000046064082607201 0.000046064082607201
5.496516529370440551 0.000044954324352498 0.000044954324352498
5.507107119985797716 0.000043857132949202 0.000043857132949202
5.517697710601154881 0.000042773401329057 0.000042773401329057
5.528288301216512934 0.000041704003419326 0.000041704003419326
5.538878891831870099 0.000040649787467348 0.000040649787467348
5.549469482447227264 0.000039611569954698 0.000039611569954698
5.560060073062584429 0.000038590130102326 0.000038590130102326
5.570650663677941594 0.000037586204964535 0.000037586204964535
5.581241254293298759 0.000036600485106346 0.000036600485106346
5.591831844908655924 0.000035633610855692 0.000035633610855692
5.602422435524013977 0.000034686169118998 0.000034686169118998
5.613013026139371142 0.000033758690746057 0.000033758690746057
5.623603616754728307 0.000032851648427687 0.000032851648427687
5.634194207370085472 0.000031965455107460 0.000031965455107460
5.644784797985442637 0.000031100462886814 0.000031100462886814
5.655375388600799802 0.000030256962401141 0.000030256962401141
5.665965979216157855 0.000029435182642928 0.000029435182642928
5.676556569831515020 0.000028635291206739 0.000028635291206739
5.687147160446872185 0.000027857394929759 0.000027857394929759
5.697737751062229350 0.000027101540900770 0.000027101540900770
5.708328341677586515 0.000026367717809775 0.000026367717809775
5.718918932292943680 0.000025655857610049 0.000025655857610049
5.729509522908301733 0.000024965837464123 0.000024965837464123
5.740100113523658898 0.000024297481945147 0.000024297481945147
5.750690704139016063 0.000023650565465168 0.000023650565465168
5.761281294754373228 0.000023024814902128 0.000023024814902128
5.771871885369730393 0.000022419912397797 0.000022419912397797
5.782462475985087558 0.000021835498299412 0.000021835498299412
5.793053066600444723 0.000021271174218494 0.000021271174218494
5.803643657215802776 0.000020726506181110 0.000020726506181110
5.814234247831159941 0.000020201027844774 0.000020201027844774
5.824824838446517106 0.000019694243758189 0.000019694243758189
5.835415429061874271 0.000019205632641145 0.000019205632641145
5.846006019677231436 0.000018734650663055 0.000018734650663055
5.856596610292588601 0.000018280734699845 0.000018280734699845
5.867187200907946654 0.000017843305550229 0.000017843305550229
5.877777791523303819 0.000017421771093700 0.000017421771093700
5.888368382138660984 0.000017015529373969 0.000017015529373969
5.898958972754018149 0.000016623971592938 0.000016623971592938
5.909549563369375313 0.000016246485001717 0.000016246485001717
5.920140153984732478 0.000015882455676577 0.000015882455676577
5.930730744600090532 0.000015531271169137 0.000015531271169137
5.941321335215447696 0.000015192323021457 0.000015192323021457
5.951911925830804861 0.000014865009138070 0.000014865009138070
5.962502516446162026 0.000014548736008312 0.000014548736008312
5.973093107061519191 0.000014242920773601 0.000014242920773601
5.983683697676876356 0.000013946993135581 0.000013946993135581
5.994274288292233521 0.000013660397102229 0.000013660397102229
6.004864878907591574 0.000013382592570195 0.000013382592570195
6.015455469522948739 0.000013113056742740 0.000013113056742740
6.026046060138305904 0.000012851285383661 0.000012851285383661
6.036636650753663069 0.000012596793908592 0.000012596793908592
6.047227241369020234 0.000012349118315959 0.000012349118315959
6.057817831984377399 0.000012107815960731 0.000012107815960731
6.068408422599735452 0.000011872466174865 0.000011872466174865
6.078999013215092617 0.000011642670739078 0.000011642670739078
6.089589603830449782 0.000011418054211192 0.000011418054211192
6.100180194445806947 0.000011198264116894 0.000011198264116894
6.110770785061164112 0.000010982971009228 0.000010982971009228
6.121361375676521277 0.000010771868403601 0.000010771868403601
6.131951966291878442 0.000010564672595420 0.000010564672595420
6.142542556907236495 0.000010361122367824 0.000010361122367824
6.153133147522593660 0.000010160978597159 0.000010160978597159
6.163723738137950825 0.000009964023764092 0.000009964023764092
6.174314328753307990 0.000009770061378317 0.000009770061378317
6.184904919368665155 0.000009578915324928 0.000009578915324928
6.195495509984022320 0.000009390429140512 0.000009390429140512
6.206086100599380373 0.000009204465226997 0.000009204465226997
6.216676691214737538 0.000009020904011211 0.000009020904011211
6.227267281830094703 0.000008839643057971 0.000008839643057971
6.237857872445451868 0.000008660596144365 0.000008660596144365
6.248448463060809033 0.000008483692302700 0.000008483692302700
6.259039053676166198 0.000008308874839321 0.000008308874839321
6.269629644291523363 0.000008136100336289 0.000008136100336289
6.280220234906881416 0.000007965337642572 0.000007965337642572
6.290810825522238581 0.000007796566861117 0.000007796566861117
6.301401416137595746 0.000007629778337825 0.000007629778337825
6.311992006752952911 0.000007464971658101 0.000007464971658101
6.322582597368310076 0.000007302154656295 0.000007302154656295
6.333173187983667241 0.000007141342442961 0.000007141342442961
6.343763778599025294 0.000006982556454485 0.000006982556454485
6.354354369214382459 0.000006825823529251 0.000006825823529251
6.364944959829739624 0.000006671175014110 0.000006671175014110
6.375535550445096789 0.000006518645904531 0.000006518645904531
6.386126141060453953 0.000006368274021426 0.000006368274021426
6.396716731675811118 0.000006220099227267 0.000006220099227267
6.407307322291169172 0.000006074162683692 0.000006074162683692
6.417897912906526336 0.000005930506152501 0.000005930506152501
6.428488503521883501 0.000005789171341500 0.000005789171341500
6.439079094137240666 0.000005650199296369 0.000005650199296369
6.449669684752597831 0.000005513629839360 0.000005513629839360
6.460260275367954996 0.000005379501055314 0.000005379501055314
6.470850865983312161 0.000005247848825199 0.000005247848825199
6.481441456598670214 0.000005118706407044 0.000005118706407044
6.492032047214027379 0.000004992104063924 0.000004992104063924
6.502622637829384544 0.000004868068738340 0.000004868068738340
6.513213228444741709 0.000004746623772140 0.000004746623772140
6.523803819060098874 0.000004627788670906 0.000004627788670906
6.534394409675456039 0.000004511578911498 0.000004511578911498
6.544985000290814092 0.000004398005791318 0.000004398005791318
6.555575590906171257 0.000004287076317650 0.000004287076317650
6.566166181521528422 0.000004178793135313 0.000004178793135313
6.576756772136885587 0.000004073154490735 0.000004073154490735
6.587347362752242752 0.000003970154230443 0.000003970154230443
6.597937953367599917 0.000003869781831891 0.000003869781831891
6.608528543982957970 0.000003772022464452 0.000003772022464452
6.619119134598315135 0.000003676857078379 0.000003676857078379
6.629709725213672300 0.000003584262519465 0.000003584262519465
6.640300315829029465 0.000003494211667142 0.000003494211667142
6.650890906444386630 0.000003406673593738 0.000003406673593738
6.661481497059743795 0.000003321613742599 0.000003321613742599
6.672072087675100960 0.000003238994122847 0.000003238994122847
6.682662678290459013 0.000003158773518522 0.000003158773518522
6.693253268905816178 0.000003080907709949 0.000003080907709949
6.703843859521173343 0.000003005349705187 0.000003005349705187
6.714434450136530508 0.000002932049979508 0.000002932049979508
6.725025040751887673 0.000002860956720892 0.000002860956720892
6.735615631367244838 0.000002792016079657 0.000002792016079657
6.746206221982602891 0.000002725172420360 0.000002725172420360
6.756796812597960056 0.000002660368574268 0.000002660368574268
6.767387403213317221 0.000002597546090737 0.000002597546090737
6.777977993828674386 0.000002536645485975 0.000002536645485975
6.788568584444031551 0.000002477606487762 0.000002477606487762
6.799159175059388716 0.000002420368274794 0.000002420368274794
6.809749765674745881 0.000002364869709446 0.000002364869709446
6.820340356290103934 0.000002311049562847 0.000002311049562847
6.830930946905461099 0.000002258846731274 0.000002258846731274
6.841521537520818264 0.000002208200442989 0.000002208200442989
6.852112128136175428 0.000002159050454740 0.000002159050454740
6.862702718751532593 0.000002111337237261 0.000002111337237261
6.873293309366889758 0.000002065002149217 0.000002065002149217
6.883883899982247812 0.000002019987599131 0.000002019987599131
6.894474490597604976 0.000001976237194940 0.000001976237194940
6.905065081212962141 0.000001933695880916 0.000001933695880916
6.915655671828319306 0.000001892310061788 0.000001892310061788
6.926246262443676471 0.000001852027713973 0.000001852027713973
6.936836853059033636 0.000001812798483934 0.000001812798483934
6.947427443674390801 0.000001774573773731 0.000001774573773731
6.958018034289748854 0.000001737306813929 0.000001737306813929
6.968608624905106019 0.000001700952724083 0.000001700952724083
6.979199215520463184 0.000001665468561080 0.000001665468561080
6.989789806135820349 0.000001630813355692 0.000001630813355692
7.000380396751177514 0.000001596948137730 0.000001596948137730
7.010970987366534679 0.000001563835950238 0.000001563835950238
7.021561577981892732 0.000001531441853224 0.000001531441853224
7.032152168597249897 0.000001499732917432 0.000001499732917432
7.042742759212607062 0.000001468678208723 0.000001468678208723
7.053333349827964227 0.000001438248763633 0.000001438248763633
7.063923940443321392 0.000001408417556709 0.000001408417556709
7.074514531058678557 0.000001379159460243 0.000001379159460243
7.085105121674036610 0.000001350451197022 0.000001350451197022
7.095695712289393775 0.000001322271286734 0.000001322271286734
7.106286302904750940 0.000001294599986666 0.000001294599986666
7.116876893520108105 0.000001267419227331 0.000001267419227331
7.127467484135465270 0.000001240712543643 0.000001240712543643
7.138058074750822435 0.000001214465002285 0.000001214465002285
7.148648665366179600 0.000001188663125854 0.000001188663125854
7.159239255981537653 0.000001163294814400 0.000001163294814400
7.169829846596894818 0.000001138349264925 0.000001138349264925
7.180420437212251983 0.000001113816889408 0.000001113816889408
7.191011027827609148 0.000001089689231885 0.000001089689231885
7.201601618442966313 0.000001065958885102 0.000001065958885102
7.212192209058323478 0.000001042619407224 0.000001042619407224
7.222782799673681531 0.000001019665239063 0.000001019665239063
7.233373390289038696 0.000000997091622250 0.000000997091622250
7.243963980904395861 0.000000974894518754 0.000000974894518754
7.254554571519753026 0.000000953070532126 0.000000953070532126
7.265145162135110191 0.000000931616830794 0.000000931616830794
7.275735752750467356 0.000000910531073731 0.000000910531073731
7.286326343365825409 0.000000889811338769 0.000000889811338769
7.296916933981182574 0.000000869456053807 0.000000869456053807
7.307507524596539739 0.000000849463931126 0.000000849463931126
7.318098115211896904 0.000000829833905005 0.000000829833905005
7.328688705827254068 0.000000810565072786 0.000000810565072786
7.339279296442611233 0.000000791656639521 0.000000791656639521
7.349869887057968398 0.000000773107866297 0.000000773107866297
7.360460477673326452 0.000000754918022318 0.000000754918022318
7.371051068288683616 0.000000737086340779 0.000000737086340779
7.381641658904040781 0.000000719611978570 0.000000719611978570
7.392232249519397946 0.000000702493979788 0.000000702493979788
7.402822840134755111 0.000000685731243053 0.000000685731243053
7.413413430750112276 0.000000669322492568 0.000000669322492568
7.424004021365470329 0.000000653266252876 0.000000653266252876
7.434594611980827494 0.000000637560827204 0.000000637560827204
7.445185202596184659 0.000000622204279332 0.000000622204279332
7.455775793211541824 0.000000607194418844 0.000000607194418844
7.466366383826898989 0.000000592528789651 0.000000592528789651
7.476956974442256154 0.000000578204661638 0.000000578204661638
7.487547565057613319 0.000000564219025298 0.000000564219025298
7.498138155672971372 0.000000550568589185 0.000000550568589185
7.508728746288328537 0.000000537249780023 0.000000537249780023
7.519319336903685702 0.000000524258745308 0.000000524258745308
7.529909927519042867 0.000000511591358215 0.000000511591358215
7.540500518134400032 0.000000499243224642 0.000000499243224642
7.551091108749757197 0.000000487209692203 0.000000487209692203
7.561681699365115250 0.000000475485860992 0.000000475485860992
7.572272289980472415 0.000000464066595931 0.000000464066595931
7.582862880595829580 0.000000452946540530 0.000000452946540530
7.593453471211186745 0.000000442120131868 0.000000442120131868
7.604044061826543910 0.000000431581616635 0.000000431581616635
7.614634652441901075 0.000000421325068049 0.000000421325068049
7.625225243057258240 0.000000411344403495 0.000000411344403495
7.635815833672616293 0.000000401633402712 0.000000401633402712
7.646406424287973458 0.000000392185726389 0.000000392185726389
7.656997014903330623 0.000000382994935000 0.000000382994935000
7.667587605518687788 0.000000374054507769 0.000000374054507769
7.678178196134044953 0.000000365357861593 0.000000365357861593
7.688768786749402118 0.000000356898369838 0.000000356898369838
7.699359377364760171 0.000000348669380859 0.000000348669380859
7.709949967980117336 0.000000340664236154 0.000000340664236154
7.720540558595474501 0.000000332876288046 0.000000332876288046
7.731131149210831666 0.000000325298916804 0.000000325298916804
7.741721739826188831 0.000000317925547122 0.000000317925547122
7.752312330441545996 0.000000310749663879 0.000000310749663879
7.762902921056904049 0.000000303764827119 0.000000303764827119
7.773493511672261214 0.000000296964686193 0.000000296964686193
7.784084102287618379 0.000000290342993019 0.000000290342993019
7.794674692902975544 0.000000283893614418 0.000000283893614418
7.805265283518332708 0.000000277610543491 0.000000277610543491
7.815855874133689873 0.000000271487910022 0.000000271487910022
7.826446464749047038 0.000000265519989886 0.000000265519989886
7.837037055364405091 0.000000259701213453 0.000000259701213453
7.847627645979762256 0.000000254026172985 0.000000254026172985
7.858218236595119421 0.000000248489629033 0.000000248489629033
7.868808827210476586 0.000000243086515842 0.000000243086515842
7.879399417825833751 0.000000237811945780 0.000000237811945780
7.889990008441190916 0.000000232661212808 0.000000232661212808
7.900580599056548969 0.000000227629795032 0.000000227629795032
7.911171189671906134 0.000000222713356337 0.000000222713356337
7.921761780287263299 0.000000217907747171 0.000000217907747171
7.932352370902620464 0.000000213209004487 0.000000213209004487
7.942942961517977629 0.000000208613350909 0.000000208613350909
7.953533552133334794 0.000000204117193136 0.000000204117193136
7.964124142748692847 0.000000199717119658 0.000000199717119658
7.974714733364050012 0.000000195409897808 0.000000195409897808
7.985305323979407177 0.000000191192470210 0.000000191192470210
7.995895914594764342 0.000000187061950673 0.000000187061950673
8.006486505210121507 0.000000183015619572 0.000000183015619572
8.017077095825479560 0.000000179050918769 0.000000179050918769
8.027667686440835837 0.000000175165446137 0.000000175165446137
8.038258277056193890 0.000000171356949715 0.000000171356949715
8.048848867671550167 0.000000167623321562 0.000000167623321562
8.059439458286908220 0.000000163962591348 0.000000163962591348
8.070030048902266273 0.000000160372919734 0.000000160372919734
8.080620639517622550 0.000000156852591584 0.000000156852591584
8.091211230132980603 0.000000153400009057 0.000000153400009057
8.101801820748336880 0.000000150013684624 0.000000150013684624
8.112392411363694933 0.000000146692234037 0.000000146692234037
8.122983001979051210 0.000000143434369312 0.000000143434369312
8.133573592594409263 0.000000140238891741 0.000000140238891741
8.144164183209767316 0.000000137104684982 0.000000137104684982
8.154754773825123593 0.000000134030708253 0.000000134030708253
8.165345364440481646 0.000000131015989662 0.000000131015989662
8.175935955055837923 0.000000128059619701 0.000000128059619701
8.186526545671195976 0.000000125160744925 0.000000125160744925
8.197117136286552252 0.000000122318561848 0.000000122318561848
8.207707726901910306 0.000000119532311065 0.000000119532311065
8.218298317517268359 0.000000116801271626 0.000000116801271626
8.228888908132624636 0.000000114124755673 0.000000114124755673
8.239479498747982689 0.000000111502103358 0.000000111502103358
8.250070089363338965 0.000000108932678043 0.000000108932678043
8.260660679978697019 0.000000106415861804 0.000000106415861804
8.271251270594055072 0.000000103951051234 0.000000103951051234
8.281841861209411348 0.000000101537653552 0.000000101537653552
8.292432451824769402 0.000000099175083026 0.000000099175083026
8.303023042440125678 0.000000096862757703 0.000000096862757703
8.313613633055483731 0.000000094600096448 0.000000094600096448
8.324204223670840008 0.000000092386516286 0.000000092386516286
8.334794814286198061 0.000000090221430050 0.000000090221430050
8.345385404901556115 0.000000088104244317 0.000000088104244317
8.355975995516912391 0.000000086034357634 0.000000086034357634
8.366566586132270444 0.000000084011159024 0.000000084011159024
8.377157176747626721 0.000000082034026756 0.000000082034026756
8.387747767362984774 0.000000080102327371 0.000000080102327371
8.398338357978341051 0.000000078215414966 0.000000078215414966
8.408928948593699104 0.000000076372630692 0.000000076372630692
8.419519539209057157 0.000000074573302491 0.000000074573302491
8.430110129824413434 0.000000072816745026 0.000000072816745026
8.440700720439771487 0.000000071102259812 0.000000071102259812
8.451291311055127764 0.000000069429135522 0.000000069429135522
8.461881901670485817 0.000000067796648457 0.000000067796648457
8.472472492285842094 0.000000066204063170 0.000000066204063170
8.483063082901200147 0.000000064650633217 0.000000064650633217
8.493653673516558200 0.000000063135602035 0.000000063135602035
8.504244264131914477 0.000000061658203924 0.000000061658203924
8.514834854747272530 0.000000060217665124 0.000000060217665124
8.525425445362628807 0.000000058813204962 0.000000058813204962
8.536016035977986860 0.000000057444037074 0.000000057444037074
8.546606626593344913 0.000000056109370674 0.000000056109370674
8.557197217208701190 0.000000054808411860 0.000000054808411860
8.567787807824059243 0.000000053540364952 0.000000053540364952
8.578378398439415520 0.000000052304433845 0.000000052304433845
8.588968989054773573 0.000000051099823363 0.000000051099823363
8.599559579670129850 0.000000049925740614 0.000000049925740614
8.610150170285487903 0.000000048781396324 0.000000048781396324
8.620740760900845956 0.000000047666006154 0.000000047666006154
8.631331351516202233 0.000000046578791980 0.000000046578791980
8.641921942131560286 0.000000045518983135 0.000000045518983135
8.652512532746916563 0.000000044485817608 0.000000044485817608
8.663103123362274616 0.000000043478543184 0.000000043478543184
8.673693713977630892 0.000000042496418536 0.000000042496418536
8.684284304592988946 0.000000041538714244 0.000000041538714244
8.694874895208346999 0.000000040604713760 0.000000040604713760
8.705465485823703276 0.000000039693714288 0.000000039693714288
8.716056076439061329 0.000000038805027607 0.000000038805027607
8.726646667054417605 0.000000037937980809 0.000000037937980809
8.737237257669775659 0.000000037091916963 0.000000037091916963
8.747827848285133712 0.000000036266195708 0.000000036266195708
8.758418438900489988 0.000000035460193758 0.000000035460193758
8.769009029515848042 0.000000034673305341 0.000000034673305341
8.779599620131204318 0.000000033904942550 0.000000033904942550
8.790190210746562371 0.000000033154535627 0.000000033154535627
8.800780801361918648 0.000000032421533170 0.000000032421533170
8.811371391977276701 0.000000031705402268 0.000000031705402268
8.821961982592634754 0.000000031005628561 0.000000031005628561
8.832552573207991031 0.000000030321716241 0.000000030321716241
8.843143163823349084 0.000000029653187981 0.000000029653187981
8.853733754438705361 0.000000028999584807 0.000000028999584807
8.864324345054063414 0.000000028360465906 0.000000028360465906
8.874914935669419691 0.000000027735408387 0.000000027735408387
8.885505526284777744 0.000000027124006982 0.000000027124006982
8.896096116900135797 0.000000026525873705 0.000000026525873705
8.906686707515492074 0.000000025940637464 0.000000025940637464
8.917277298130850127 0.000000025367943639 0.000000025367943639
8.927867888746206404 0.000000024807453613 0.000000024807453613
8.938458479361564457 0.000000024258844282 0.000000024258844282
8.949049069976922510 0.000000023721807534 0.000000023721807534
8.959639660592278787 0.000000023196049696 0.000000023196049696
8.970230251207636840 0.000000022681290972 0.000000022681290972
8.980820841822993117 0.000000022177264859 0.000000022177264859
8.991411432438351170 0.000000021683717548 0.000000021683717548
9.002002023053707447 0.000000021200407319 0.000000021200407319
9.012592613669065500 0.000000020727103930 0.000000020727103930
9.023183204284423553 0.000000020263588002 0.000000020263588002
9.033773794899779830 0.000000019809650404 0.000000019809650404
9.044364385515137883 0.000000019365091643 0.000000019365091643
9.054954976130494160 0.000000018929721258 0.000000018929721258
9.065545566745852213 0.000000018503357226 0.000000018503357226
9.076136157361208490 0.000000018085825377 0.000000018085825377
9.086726747976566543 0.000000017676958822 0.000000017676958822
9.097317338591924596 0.000000017276597396 0.000000017276597396
9.107907929207280873 0.000000016884587124 0.000000016884587124
9.118498519822638926 0.000000016500779696 0.000000016500779696
9.129089110437995203 0.000000016125031971 0.000000016125031971
9.139679701053353256 0.000000015757205502 0.000000015757205502
9.150270291668711309 0.000000015397166076 0.000000015397166076
9.160860882284067586 0.000000015044783284 0.000000015044783284
9.171451472899425639 0.000000014699930121 0.000000014699930121
9.182042063514781916 0.000000014362482593 0.000000014362482593
9.192632654130139969 0.000000014032319371 0.000000014032319371
9.203223244745496245 0.000000013709321453 0.000000013709321453
9.213813835360854299 0.000000013393371860 0.000000013393371860
9.224404425976212352 0.000000013084355360 0.000000013084355360
9.234995016591568628 0.000000012782158204 0.000000012782158204
9.245585607206926682 0.000000012486667905 0.000000012486667905
9.256176197822282958 0.000000012197773026 0.000000012197773026
9.266766788437641011 0.000000011915363000 0.000000011915363000
9.277357379052997288 0.000000011639327972 0.000000011639327972
9.287947969668355341 0.000000011369558660 0.000000011369558660
9.298538560283713394 0.000000011105946240 0.000000011105946240
9.309129150899069671 0.000000010848382253 0.000000010848382253
9.319719741514427724 0.000000010596758528 0.000000010596758528
9.330310332129784001 0.000000010350967126 0.000000010350967126
9.340900922745142054 0.000000010110900300 0.000000010110900300
9.351491513360498331 0.000000009876450474 0.000000009876450474
9.362082103975856384 0.000000009647510233 0.000000009647510233
9.372672694591214437 0.000000009423972331 0.000000009423972331
9.383263285206570714 0.000000009205729707 0.000000009205729707
9.393853875821928767 0.000000008992675520 0.000000008992675520
9.404444466437285044 0.000000008784703189 0.000000008784703189
9.415035057052643097 0.000000008581706442 0.000000008581706442
9.425625647668001150 0.000000008383579376 0.000000008383579376
9.436216238283357427 0.000000008190216524 0.000000008190216524
9.446806828898715480 0.000000008001512925 0.000000008001512925
9.457397419514071757 0.000000007817364204 0.000000007817364204
9.467988010129429810 0.000000007637666650 0.000000007637666650
9.478578600744786087 0.000000007462317302 0.000000007462317302
9.489169191360144140 0.000000007291214034 0.000000007291214034
9.499759781975502193 0.000000007124255642 0.000000007124255642
9.510350372590858470 0.000000006961341933 0.000000006961341933
9.520940963206216523 0.000000006802373810 0.000000006802373810
9.531531553821572800 0.000000006647253360 0.000000006647253360
9.542122144436930853 0.000000006495883936 0.000000006495883936
9.552712735052287130 0.000000006348170239 0.000000006348170239
9.563303325667645183 0.000000006204018396 0.000000006204018396
9.573893916283003236 0.000000006063336037 0.000000006063336037
9.584484506898359513 0.000000005926032363 0.000000005926032363
9.595075097513717566 0.000000005792018212 0.000000005792018212
9.605665688129073843 0.000000005661206125 0.000000005661206125
9.616256278744431896 0.000000005533510395 0.000000005533510395
9.626846869359789949 0.000000005408847126 0.000000005408847126
9.637437459975146226 0.000000005287134272 0.000000005287134272
9.648028050590504279 0.000000005168291682 0.000000005168291682
9.658618641205860555 0.000000005052241130 0.000000005052241130
9.669209231821218609 0.000000004938906346 0.000000004938906346
9.679799822436574885 0.000000004828213037 0.000000004828213037
9.690390413051932939 0.000000004720088907 0.000000004720088907
9.700981003667290992 0.000000004614463661 0.000000004614463661
9.711571594282647268 0.000000004511269017 0.000000004511269017
9.722162184898005322 0.000000004410438705 0.000000004410438705
9.732752775513361598 0.000000004311908457 0.000000004311908457
9.743343366128719651 0.000000004215616002 0.000000004215616002
9.753933956744075928 0.000000004121501045 0.000000004121501045
9.764524547359433981 0.000000004029505251 0.000000004029505251
9.775115137974792034 0.000000003939572220 0.000000003939572220
9.785705728590148311 0.000000003851647454 0.000000003851647454
9.796296319205506364 0.000000003765678328 0.000000003765678328
9.806886909820862641 0.000000003681614051 0.000000003681614051
9.817477500436220694 0.000000003599405629 0.000000003599405629
9.828068091051576971 0.000000003519005820 0.000000003519005820
9.838658681666935024 0.000000003440369086 0.000000003440369086
9.849249272282293077 0.000000003363451552 0.000000003363451552
9.859839862897649354 0.000000003288210947 0.000000003288210947
9.870430453513007407 0.000000003214606560 0.000000003214606560
9.881021044128363684 0.000000003142599180 0.000000003142599180
9.891611634743721737 0.000000003072151045 0.000000003072151045
9.902202225359079790 0.000000003003225787 0.000000003003225787
9.912792815974436067 0.000000002935788373 0.000000002935788373
9.923383406589794120 0.000000002869805049 0.000000002869805049
9.933973997205150397 0.000000002805243284 0.000000002805243284
9.944564587820508450 0.000000002742071715 0.000000002742071715
9.955155178435864727 0.000000002680260088 0.000000002680260088
9.965745769051222780 0.000000002619779201 0.000000002619779201
9.976336359666580833 0.000000002560600854 0.000000002560600854
9.986926950281937110 0.000000002502697793 0.000000002502697793
9.997517540897295163 0.000000002446043655 0.000000002446043655
10.008108131512651440 0.000000002390612920 0.000000002390612920
10.018698722128009493 0.000000002336380859 0.000000002336380859
10.029289312743365770 0.000000002283323487 0.000000002283323487
10.039879903358723823 0.000000002231417515 0.000000002231417515
10.050470493974081876 0.000000002180640307 0.000000002180640307
10.061061084589438153 0.000000002130969835 0.000000002130969835
10.071651675204796206 0.000000002082384644 0.000000002082384644
10.082242265820152483 0.000000002034863803 0.000000002034863803
10.092832856435510536 0.000000001988386879 0.000000001988386879
10.103423447050868589 0.000000001942933896 0.000000001942933896
10.114014037666224866 0.000000001898485304 0.000000001898485304
10.124604628281582919 0.000000001855021950 0.000000001855021950
10.135195218896939195 0.000000001812525051 0.000000001812525051
10.145785809512297249 0.000000001770976162 0.000000001770976162
10.156376400127653525 0.000000001730357161 0.000000001730357161
10.166966990743011579 0.000000001690650218 0.000000001690650218
10.177557581358369632 0.000000001651837785 0.000000001651837785
10.188148171973725908 0.000000001613902568 0.000000001613902568
10.198738762589083962 0.000000001576827519 0.000000001576827519
10.209329353204440238 0.000000001540595818 0.000000001540595818
10.219919943819798291 0.000000001505190863 0.000000001505190863
10.230510534435154568 0.000000001470596255 0.000000001470596255
10.241101125050512621 0.000000001436795794 0.000000001436795794
10.251691715665870674 0.000000001403773469 0.000000001403773469
10.262282306281226951 0.000000001371513452 0.000000001371513452
10.272872896896585004 0.000000001340000092 0.000000001340000092
10.283463487511941281 0.000000001309217915 0.000000001309217915
10.294054078127299334 0.000000001279151617 0.000000001279151617
10.304644668742657387 0.000000001249786067 0.000000001249786067
10.315235259358013664 0.000000001221106300 0.000000001221106300
10.325825849973371717 0.000000001193097528 0.000000001193097528
10.336416440588727994 0.000000001165745129 0.000000001165745129
10.347007031204086047 0.000000001139034657 0.000000001139034657
10.357597621819442324 0.000000001112951843 0.000000001112951843
10.368188212434800377 0.000000001087482594 0.000000001087482594
10.378778803050158430 0.000000001062613003 0.000000001062613003
10.389369393665514707 0.000000001038329344 0.000000001038329344
10.399959984280872760 0.000000001014618085 0.000000001014618085
10.410550574896229037 0.000000000991465884 0.000000000991465884
10.421141165511587090 0.000000000968859600 0.000000000968859600
10.431731756126943367 0.000000000946786293 0.000000000946786293
10.442322346742301420 0.000000000925233226 0.000000000925233226
10.452912937357659473 0.000000000904187878 0.000000000904187878
10.463503527973015750 0.000000000883637938 0.000000000883637938
10.474094118588373803 0.000000000863571315 0.000000000863571315
10.484684709203730080 0.000000000843976139 0.000000000843976139
10.495275299819088133 0.000000000824840765 0.000000000824840765
10.505865890434446186 0.000000000806153777 0.000000000806153777
10.516456481049802463 0.000000000787903990 0.000000000787903990
10.527047071665160516 0.000000000770080450 0.000000000770080450
10.537637662280516793 0.000000000752672441 0.000000000752672441
10.548228252895874846 0.000000000735669484 0.000000000735669484
10.558818843511231123 0.000000000719061336 0.000000000719061336
10.569409434126589176 0.000000000702837994 0.000000000702837994
10.580000024741947229 0.000000000686989696 0.000000000686989696
10.590590615357303506 0.000000000671506918 0.000000000671506918
10.601181205972661559 0.000000000656380374 0.000000000656380374
10.611771796588017835 0.000000000641601019 0.000000000641601019
10.622362387203375889 0.000000000627160044 0.000000000627160044
10.632952977818732165 0.000000000613048874 0.000000000613048874
10.643543568434090218 0.000000000599259168 0.000000000599259168
10.654134159049448272 0.000000000585782818 0.000000000585782818
10.664724749664804548 0.000000000572611942 0.000000000572611942
10.675315340280162602 0.000000000559738883 0.000000000559738883
10.685905930895518878 0.000000000547156207 0.000000000547156207
10.696496521510876931 0.000000000534856698 0.000000000534856698
10.707087112126233208 0.000000000522833352 0.000000000522833352
10.717677702741591261 0.000000000511079378 0.000000000511079378
10.728268293356949314 0.000000000499588186 0.000000000499588186
10.738858883972305591 0.000000000488353391 0.000000000488353391
10.749449474587663644 0.000000000477368799 0.000000000477368799
10.760040065203019921 0.000000000466628411 0.000000000466628411
10.770630655818377974 0.000000000456126409 0.000000000456126409
10.781221246433736027 0.000000000445857157 0.000000000445857157
10.791811837049092304 0.000000000435815193 0.000000000435815193
10.802402427664450357 0.000000000425995224 0.000000000425995224
10.812993018279806634 0.000000000416392120 0.000000000416392120
10.823583608895164687 0.000000000407000909 0.000000000407000909
10.834174199510520964 0.000000000397816771 0.000000000397816771
10.844764790125879017 0.000000000388835031 0.000000000388835031
10.855355380741237070 0.000000000380051156 0.000000000380051156
10.865945971356593347 0.000000000371460750 0.000000000371460750
