# SiPM pulse for FWHM 3ns derived from a 7ns not-smoothed template
# Developed by L. David M. Miranda from Andrii Nagai's measurements on LCT2 sensor
# time Norm. Amplitude (FWHM SiPM 3ns)
# Time [ns] - Norm. Amplitude [A.U.]
-10.10 0.00000000
-10.00 0.00000000
-9.90 0.00000000
-9.80 0.00000000
-9.70 0.00000000
-9.60 0.00000000
-9.50 0.00000000
-9.40 0.00000000
-9.30 0.00000000
-9.20 0.00000000
-9.10 0.00000000
-9.00 0.00000000
-8.90 0.00000000
-8.80 0.00000000
-8.70 0.00000000
-8.60 0.00000000
-8.50 0.00000000
-8.40 0.00000000
-8.30 0.00000000
-8.20 0.00000000
-8.10 0.00000000
-8.00 0.00000000
-7.90 0.00000000
-7.80 0.00000000
-7.70 0.00000000
-7.60 0.00000000
-7.50 0.00000000
-7.40 0.00000000
-7.30 0.00000000
-7.20 0.00000000
-7.10 0.00000000
-7.00 0.00000000
-6.90 0.00000000
-6.80 0.00000000
-6.70 0.00000000
-6.60 0.00000000
-6.50 0.00000000
-6.40 0.00000000
-6.30 0.00000000
-6.20 0.00000000
-6.10 0.00000000
-6.00 0.00000000
-5.90 0.00000000
-5.80 0.00000000
-5.70 0.00000000
-5.60 0.00000000
-5.50 0.00000000
-5.40 0.00000000
-5.30 0.00000000
-5.20 0.00000000
-5.10 0.00000000
-5.00 0.00000000
-4.90 0.00000000
-4.80 0.00000000
-4.70 0.00000000
-4.60 0.00000000
-4.50 0.00000000
-4.40 0.00000000
-4.30 0.00000000
-4.20 0.00000000
-4.10 0.00000000
-4.00 0.00000000
-3.90 0.00000000
-3.80 0.00000000
-3.70 0.00000000
-3.60 0.00000000
-3.50 0.00000000
-3.40 0.00000000
-3.30 0.00000000
-3.20 0.00000000
-3.10 0.00000000
-3.00 0.00000000
-2.90 0.00000000
-2.80 0.00000000
-2.70 0.00000000
-2.60 0.00000000
-2.50 0.00000000
-2.40 0.00000000
-2.30 0.00000000
-2.20 0.00000000
-2.10 0.00000000
-2.00 0.00000000
-1.90 0.00000000
-1.80 0.00000000
-1.70 0.00000000
-1.60 0.00000000
-1.50 0.00000000
-1.40 0.00000000
-1.30 0.00000000
-1.20 0.00000000
-1.10 0.00000000
-1.00 0.00000000
-0.90 0.00000000
-0.80 0.00000000
-0.70 0.00000000
-0.60 0.00000000
-0.50 0.00000000
-0.40 0.00000000
-0.30 0.00000000
-0.20 0.00000000
-0.10 0.00000000
-0.00 0.00003538
0.10 0.00110819
0.20 0.00240777
0.30 0.00451324
0.40 0.00699674
0.50 0.01044504
0.60 0.01574599
0.70 0.05632726
0.80 0.09211569
0.90 0.12803002
1.00 0.16960856
1.10 0.22545396
1.20 0.32267489
1.30 0.39615565
1.40 0.48350948
1.50 0.58990938
1.60 0.66904289
1.70 0.74529624
1.80 0.82590173
1.90 0.89563462
2.00 0.94617917
2.10 0.97967842
2.20 0.99850985
2.30 1.00000000
2.40 0.99682821
2.50 0.99081215
2.60 0.98104339
2.70 0.96972244
2.80 0.95186439
2.90 0.93113688
3.00 0.90596523
3.10 0.87680370
3.20 0.84382060
3.30 0.81493161
3.40 0.78031189
3.50 0.75330981
3.60 0.72756250
3.70 0.70211928
3.80 0.67701565
3.90 0.65191201
4.00 0.62415963
4.10 0.59197549
4.20 0.56186352
4.30 0.53370240
4.40 0.50555944
4.50 0.47765810
4.60 0.45054605
4.70 0.42629313
4.80 0.40212137
4.90 0.37089594
5.00 0.33656619
5.10 0.31282119
5.20 0.29109689
5.30 0.27102759
5.40 0.25385374
5.50 0.23399610
5.60 0.21146720
5.70 0.18909871
5.80 0.16805613
5.90 0.14587485
6.00 0.12509884
6.10 0.10627965
6.20 0.08910910
6.30 0.07953255
6.40 0.07157223
6.50 0.06408378
6.60 0.05862908
6.70 0.05326506
6.80 0.04790103
6.90 0.04280477
7.00 0.03851355
7.10 0.03464135
7.20 0.03142293
7.30 0.02820452
7.40 0.02529961
7.50 0.02315400
7.60 0.02100839
7.70 0.01886278
7.80 0.01715718
7.90 0.01577786
8.00 0.01439854
8.10 0.01301922
8.20 0.01171893
8.30 0.01063959
8.40 0.00956679
8.50 0.00849398
8.60 0.00776883
8.70 0.00736653
8.80 0.00696423
8.90 0.00656192
9.00 0.00615962
9.10 0.00553158
9.20 0.00472697
9.30 0.00392237
9.40 0.00311776
9.50 0.00231316
9.60 0.00175146
9.70 0.00134915
9.80 0.00094685
9.90 0.00054455
10.00 0.00014225
10.10 0.00000000
10.20 0.00000000
10.30 0.00000000
10.40 0.00000000
10.50 0.00000000
10.60 0.00000000
10.70 0.00000000
10.80 0.00000000
10.90 0.00000000
11.00 0.00000000
11.10 0.00000000
11.20 0.00000000
11.30 0.00000000
11.40 0.00000000
11.50 0.00000000
11.60 0.00000000
11.70 0.00000000
11.80 0.00000000
11.90 0.00000000
12.00 0.00000000
12.10 0.00000000
12.20 0.00000000
12.30 0.00000000
12.40 0.00000000
12.50 0.00000000
12.60 0.00000000
12.70 0.00000000
12.80 0.00000000
12.90 0.00000000
13.00 0.00000000
13.10 0.00000000
13.20 0.00000000
13.30 0.00000000
13.40 0.00000000
13.50 0.00000000
13.60 0.00000000
13.70 0.00000000
13.80 0.00000000
13.90 0.00000000
14.00 0.00000000
14.10 0.00000000
14.20 0.00000000
14.30 0.00000000
14.40 0.00000000
14.50 0.00000000
14.60 0.00000000
14.70 0.00000000
14.80 0.00000000
14.90 0.00000000
15.00 0.00000000
15.10 0.00000000
15.20 0.00000000
15.30 0.00000000
15.40 0.00000000
15.50 0.00000000
15.60 0.00000000
15.70 0.00000000
15.80 0.00000000
15.90 0.00000000
16.00 0.00000000
16.10 0.00000000
16.20 0.00000000
16.30 0.00000000
16.40 0.00000000
16.50 0.00000000
16.60 0.00000000
16.70 0.00000000
16.80 0.00000000
16.90 0.00000000
17.00 0.00000000
17.10 0.00000000
17.20 0.00000000
17.30 0.00000000
17.40 0.00000000
17.50 0.00000000
17.60 0.00000000
17.70 0.00000000
17.80 0.00000000
17.90 0.00000000
18.00 0.00000000
18.10 0.00000000
18.20 0.00000000
18.30 0.00000000
18.40 0.00000000
18.50 0.00000000
18.60 0.00000000
18.70 0.00000000
18.80 0.00000000
18.90 0.00000000
19.00 0.00000000
19.10 0.00000000
19.20 0.00000000
19.30 0.00000000
19.40 0.00000000
19.50 0.00000000
19.60 0.00000000
19.70 0.00000000
19.80 0.00000000
19.90 0.00000000
20.00 0.00000000
20.10 0.00000000
20.20 0.00000000
20.30 0.00000000
20.40 0.00000000
20.50 0.00000000
20.60 0.00000000
20.70 0.00000000
20.80 0.00000000
20.90 0.00000000
21.00 0.00000000
21.10 0.00000000
21.20 0.00000000
21.30 0.00000000
21.40 0.00000000
21.50 0.00000000
21.60 0.00000000
21.70 0.00000000
21.80 0.00000000
21.90 0.00000000
22.00 0.00000000
22.10 0.00000000
22.20 0.00000000
22.30 0.00000000
22.40 0.00000000
22.50 0.00000000
22.60 0.00000000
22.70 0.00000000
22.80 0.00000000
22.90 0.00000000
23.00 0.00000000
23.10 0.00000000
23.20 0.00000000
23.30 0.00000000
23.40 0.00000000
23.50 0.00000000
23.60 0.00000000
23.70 0.00000000
23.80 0.00000000
23.90 0.00000000
24.00 0.00000000
24.10 0.00000000
24.20 0.00000000
24.30 0.00000000
24.40 0.00000000
24.50 0.00000000
24.60 0.00000000
24.70 0.00000000
24.80 0.00000000
24.90 0.00000000
25.00 0.00000000
25.10 0.00000000
25.20 0.00000000
25.30 0.00000000
25.40 0.00000000
25.50 0.00000000
25.60 0.00000000
25.70 0.00000000
25.80 0.00000000
25.90 0.00000000
26.00 0.00000000
26.10 0.00000000
26.20 0.00000000
26.30 0.00000000
26.40 0.00000000
26.50 0.00000000
26.60 0.00000000
26.70 0.00000000
26.80 0.00000000
26.90 0.00000000
27.00 0.00000000
27.10 0.00000000
27.20 0.00000000
27.30 0.00000000
27.40 0.00000000
27.50 0.00000000
27.60 0.00000000
27.70 0.00000000
27.80 0.00000000
27.90 0.00000000
28.00 0.00000000
28.10 0.00000000
28.20 0.00000000
28.30 0.00000000
28.40 0.00000000
28.50 0.00000000
28.60 0.00000000
28.70 0.00000000
28.80 0.00000000
28.90 0.00000000
29.00 0.00000000
29.10 0.00000000
29.20 0.00000000
29.30 0.00000000
29.40 0.00000000
29.50 0.00000000
29.60 0.00000000
29.70 0.00000000
29.80 0.00000000
29.90 0.00000000
30.00 0.00000000
30.10 0.00000000
30.20 0.00000000
30.30 0.00000000
30.40 0.00000000
30.50 0.00000000
30.60 0.00000000
30.70 0.00000000
30.80 0.00000000
30.90 0.00000000
31.00 0.00000000
31.10 0.00000000
31.20 0.00000000
31.30 0.00000000
31.40 0.00000000
31.50 0.00000000
31.60 0.00000000
31.70 0.00000000
31.80 0.00000000
31.90 0.00000000
32.00 0.00000000
32.10 0.00000000
32.20 0.00000000
32.30 0.00000000
32.40 0.00000000
32.50 0.00000000
32.60 0.00000000
32.70 0.00000000
32.80 0.00000000
32.90 0.00000000
33.00 0.00000000
33.10 0.00000000
33.20 0.00000000
33.30 0.00000000
33.40 0.00000000
33.50 0.00000000
33.60 0.00000000
33.70 0.00000000
33.80 0.00000000
33.90 0.00000000
34.00 0.00000000
34.10 0.00000000
34.20 0.00000000
34.30 0.00000000
34.40 0.00000000
34.50 0.00000000
34.60 0.00000000
34.70 0.00000000
34.80 0.00000000
34.90 0.00000000
35.00 0.00000000
35.10 0.00000000
35.20 0.00000000
35.30 0.00000000
35.40 0.00000000
35.50 0.00000000
35.60 0.00000000
35.70 0.00000000
35.80 0.00000000
35.90 0.00000000
36.00 0.00000000
36.10 0.00000000
36.20 0.00000000
36.30 0.00000000
36.40 0.00000000
36.50 0.00000000
36.60 0.00000000
36.70 0.00000000
36.80 0.00000000
36.90 0.00000000
37.00 0.00000000
37.10 0.00000000
37.20 0.00000000
37.30 0.00000000
37.40 0.00000000
37.50 0.00000000
37.60 0.00000000
37.70 0.00000000
37.80 0.00000000
37.90 0.00000000
38.00 0.00000000
38.10 0.00000000
38.20 0.00000000
38.30 0.00000000
38.40 0.00000000
38.50 0.00000000
38.60 0.00000000
38.70 0.00000000
38.80 0.00000000
38.90 0.00000000
39.00 0.00000000
39.10 0.00000000
39.20 0.00000000
39.30 0.00000000
39.40 0.00000000
39.50 0.00000000
39.60 0.00000000
39.70 0.00000000
39.80 0.00000000
39.90 0.00000000
